0	1023	16	0	0	0	0
1	1023	16	0	0	0	0
2	1023	16	0	0	0	0
3	1023	16	0	0	0	0
4	1022	16	0	0	0	0
5	1023	15	0	0	0	0
6	1023	15	0	0	0	0
7	1023	15	0	0	0	0
8	1023	15	0	0	0	0
9	1023	15	0	0	0	0
10	1023	15	0	0	0	0
11	1023	15	0	0	0	0
12	1023	15	0	0	0	0
13	1023	15	0	0	0	0
14	1023	15	0	0	0	0
15	1023	15	0	0	0	0
0	1023	15	0	0	0	0
1	1023	15	0	0	0	0
2	1023	15	0	0	0	0
3	1023	15	0	0	0	0
4	1023	15	0	0	0	0
5	1023	15	0	0	0	0
6	1023	15	0	0	0	0
7	1023	15	0	0	0	0
8	1023	15	0	0	0	0
9	1023	15	0	0	0	0
10	1023	15	0	0	0	0
11	1022	15	0	0	0	0
12	1023	15	0	0	0	0
13	1023	15	0	0	0	0
14	1022	15	0	0	0	0
15	1023	15	0	0	0	0
0	1022	15	0	0	0	0
1	1022	15	0	0	0	0
2	1023	15	0	0	0	0
3	1022	15	0	0	0	0
4	1023	15	0	0	0	0
5	1022	15	0	0	0	0
6	1023	15	0	0	0	0
7	1023	15	0	0	0	0
8	1023	15	0	0	0	0
9	1022	15	0	0	0	0
10	1022	15	0	0	0	0
11	1022	15	0	0	0	0
12	1022	15	0	0	0	0
13	1022	15	0	0	0	0
14	1022	15	0	0	0	0
15	1022	15	0	0	0	0
0	1022	15	0	0	0	0
1	1022	15	0	0	0	0
2	1023	15	0	0	0	0
3	1022	15	0	0	0	0
4	1022	15	0	0	0	0
5	1022	15	0	0	0	0
6	1022	15	0	0	0	0
7	1022	15	0	0	0	0
8	1022	15	0	0	0	0
9	1022	15	0	0	0	0
10	1022	15	0	0	0	0
11	1022	15	0	0	0	0
12	1022	15	0	0	0	0
13	1022	15	0	0	0	0
14	1022	15	0	0	0	0
15	1022	15	0	0	0	0
0	1022	15	0	0	0	0
1	1022	15	0	0	0	0
2	1022	15	0	0	0	0
3	1022	15	0	0	0	0
4	1022	15	0	0	0	0
5	1022	15	0	0	0	0
6	1022	15	0	0	0	0
7	1022	14	0	0	0	0
8	1022	14	0	0	0	0
9	1022	9	0	0	0	0
10	1022	3	0	0	0	0
11	1022	3	0	0	0	0
12	1022	2	0	0	0	0
13	1022	12	0	0	0	0
14	1022	12	0	0	0	0
15	1022	13	0	0	0	0
0	1022	14	0	0	0	0
1	1022	14	0	0	0	0
2	1022	14	0	0	0	0
3	1022	14	0	0	0	0
4	1022	14	0	0	0	0
5	1022	13	0	0	0	0
6	1022	13	0	0	0	0
7	1022	12	0	0	0	0
8	1022	4	0	0	0	0
9	1022	3	0	0	0	0
10	1022	3	0	0	0	0
11	1022	2	0	0	0	0
12	1022	2	0	0	0	0
13	1022	2	0	0	0	0
14	1022	2	0	0	0	0
15	1022	2	0	0	0	0
0	1022	2	0	0	0	0
1	1022	2	0	0	0	0
2	1022	2	0	0	0	0
3	1022	2	0	0	0	0
4	1022	2	0	0	0	0
5	1022	3	0	0	0	0
6	1022	2	0	0	0	0
7	1022	3	0	0	0	0
8	1022	3	0	0	0	0
9	1022	3	0	0	0	0
10	1022	2	0	0	0	0
11	1022	3	0	0	0	0
12	1022	3	0	0	0	0
13	1022	3	0	0	0	0
14	1022	3	0	0	0	0
15	1022	3	0	0	0	0
0	1022	3	0	0	0	0
1	1022	3	0	0	0	0
2	1023	3	0	0	0	0
3	1022	2	0	0	0	0
4	1022	3	0	0	0	0
5	1022	2	0	0	0	0
6	1022	3	0	0	0	0
7	1022	3	0	0	0	0
8	1022	3	0	0	0	0
9	1022	3	0	0	0	0
10	1022	3	0	0	0	0
11	1022	3	0	0	0	0
12	1022	3	0	0	0	0
13	1022	3	0	0	0	0
14	1022	3	0	0	0	0
15	1023	3	0	0	0	0
0	1022	4	0	0	0	0
1	1022	4	0	0	0	0
2	1022	4	0	0	0	0
3	1022	4	0	0	0	0
4	1022	7	0	0	0	0
5	1022	9	0	0	0	0
6	1022	8	0	0	0	0
7	1022	7	0	0	0	0
8	1022	9	0	0	0	0
9	1022	8	0	0	0	0
10	1022	8	0	0	0	0
11	1022	8	0	0	0	0
12	1022	7	0	0	0	0
13	1022	7	0	0	0	0
14	1023	7	0	0	0	0
15	1022	9	0	0	0	0
0	1022	11	0	0	0	0
1	1022	13	0	0	0	0
2	1022	13	0	0	0	0
3	1022	13	0	0	0	0
4	1022	13	0	0	0	0
5	1022	13	0	0	0	0
6	1022	12	0	0	0	0
7	1022	12	0	0	0	0
8	1022	11	0	0	0	0
9	1022	11	0	0	0	0
10	1022	10	0	0	0	0
11	1022	9	0	0	0	0
12	1022	9	0	0	0	0
13	1022	9	0	0	0	0
14	1022	10	0	0	0	0
15	1022	10	0	0	0	0
0	1022	10	0	0	0	0
1	1022	10	0	0	0	0
2	1022	11	0	0	0	0
3	1022	11	0	0	0	0
4	1022	12	0	0	0	0
5	1022	12	0	0	0	0
6	1022	12	0	0	0	0
7	1022	12	0	0	0	0
8	1022	12	0	0	0	0
9	1022	13	0	0	0	0
10	1022	12	0	0	0	0
11	1022	12	0	0	0	0
12	1022	11	0	0	0	0
13	1022	11	0	0	0	0
14	1022	11	0	0	0	0
15	1020	11	0	0	0	0
0	1021	11	0	0	0	0
1	897	11	0	0	0	0
2	851	11	0	0	0	0
3	821	11	0	0	0	0
4	749	11	0	0	0	0
5	704	11	0	0	0	0
6	648	11	0	0	0	0
7	615	11	0	0	0	0
8	514	11	0	0	0	0
9	501	11	0	0	0	0
10	395	11	0	0	0	0
11	437	10	0	0	0	0
12	384	10	0	0	0	0
13	261	10	0	0	0	0
14	252	10	0	0	0	0
15	197	9	0	0	0	0
0	182	9	0	0	0	0
1	129	9	0	0	0	0
2	135	9	0	0	0	0
3	81	9	0	0	0	0
4	11	9	0	0	0	0
5	0	11	0	0	0	0
6	0	12	0	0	0	0
7	0	13	0	0	0	0
8	0	13	0	0	0	0
9	0	13	0	0	0	0
10	0	13	0	0	0	0
11	0	13	0	0	0	0
12	0	12	0	0	0	0
13	0	12	0	0	0	0
14	0	12	0	0	0	0
15	0	12	0	0	0	0
0	0	12	0	0	0	0
1	0	12	0	0	0	0
2	0	12	0	0	0	0
3	0	12	0	0	0	0
4	0	12	0	0	0	0
5	0	12	0	0	0	0
6	0	12	0	0	0	0
7	0	12	0	0	0	0
8	0	11	0	0	0	0
9	0	10	0	0	0	0
10	0	9	0	0	0	0
11	0	9	0	0	0	0
12	0	7	0	0	0	0
13	0	7	0	0	0	0
14	0	6	0	0	0	0
15	0	6	0	0	0	0
0	0	6	0	0	0	0
1	0	6	0	0	0	0
2	0	6	0	0	0	0
3	0	6	0	0	0	0
4	0	6	0	0	0	0
5	0	6	0	0	0	0
6	0	6	0	0	0	0
7	0	5	0	0	0	0
8	0	6	0	0	0	0
9	0	5	0	0	0	0
10	0	5	0	0	0	0
11	0	5	0	0	0	0
12	0	5	0	0	0	0
13	0	5	0	0	0	0
14	0	5	0	0	0	0
15	0	4	0	0	0	0
0	0	4	0	0	0	0
1	0	4	0	0	0	0
2	0	4	0	0	0	0
3	0	4	0	0	0	0
4	0	4	0	0	0	0
5	0	4	0	0	0	0
6	0	4	0	0	0	0
7	0	4	0	0	0	0
8	0	4	0	0	0	0
9	0	4	0	0	0	0
10	0	4	0	0	0	0
11	0	4	0	0	0	0
12	0	4	0	0	0	0
13	0	4	0	0	0	0
14	0	4	0	0	0	0
15	0	4	0	0	0	0
0	0	4	0	0	0	0
1	0	4	0	0	0	0
2	0	4	0	0	0	0
3	0	4	0	0	0	0
4	0	4	0	0	0	0
5	0	3	0	0	0	0
6	0	3	0	0	0	0
7	0	3	0	0	0	0
8	0	2	0	0	0	0
9	0	2	0	0	0	0
10	0	2	0	0	0	0
11	0	3	0	0	0	0
12	0	2	0	0	0	0
13	0	2	0	0	0	0
14	0	2	0	0	0	0
15	0	2	0	0	0	0
0	0	2	0	0	0	0
1	0	2	0	0	0	0
2	0	2	0	0	0	0
3	0	2	0	0	0	0
4	0	2	0	0	0	0
5	0	2	0	0	0	0
6	0	2	0	0	0	0
7	0	2	0	0	0	0
8	0	2	0	0	0	0
9	0	2	0	0	0	0
10	0	2	0	0	0	0
11	0	2	0	0	0	0
12	0	2	0	0	0	0
13	0	2	0	0	0	0
14	0	2	0	0	0	0
15	0	2	0	0	0	0
0	0	2	0	0	0	0
1	0	2	0	0	0	0
2	0	2	0	0	0	0
3	0	2	0	0	0	0
4	0	2	0	0	0	0
5	0	2	0	0	0	0
6	0	2	0	0	0	0
7	0	2	0	0	0	0
8	0	2	0	0	0	0
9	0	2	0	0	0	0
10	0	2	0	0	0	0
11	0	1	0	0	0	0
12	0	2	0	0	0	0
13	0	1	0	0	0	0
14	0	2	0	0	0	0
15	0	1	0	0	0	0
0	0	2	0	0	0	0
1	0	1	0	0	0	0
2	0	2	0	0	0	0
3	0	1	0	0	0	0
4	0	2	0	0	0	0
5	0	1	0	0	0	0
6	0	1	0	0	0	0
7	0	2	0	0	0	0
8	0	1	0	0	0	0
9	0	1	0	0	0	0
10	0	1	0	0	0	0
11	0	1	0	0	0	0
12	0	1	0	0	0	0
13	0	1	0	0	0	0
14	0	1	0	0	0	0
15	0	1	0	0	0	0
0	0	1	0	0	0	0
1	0	1	0	0	0	0
2	0	1	0	0	0	0
3	0	1	0	0	0	0
4	0	1	0	0	0	0
5	0	1	0	0	0	0
6	0	1	0	0	0	0
7	0	1	0	0	0	0
8	0	1	0	0	0	0
9	0	1	0	0	0	0
10	0	1	0	0	0	0
11	0	1	0	0	0	0
12	0	2	0	0	0	0
13	0	2	0	0	0	0
14	0	3	0	0	0	0
15	0	11	0	0	0	0
0	0	13	0	0	0	0
1	0	14	0	0	0	0
2	0	14	0	0	0	0
3	0	14	0	0	0	0
4	0	14	0	0	0	0
5	0	14	0	0	0	0
6	0	14	0	0	0	0
7	0	14	0	0	0	0
8	0	14	0	0	0	0
9	0	14	0	0	0	0
10	0	14	0	0	0	0
11	0	14	0	0	0	0
12	0	14	0	0	0	0
13	0	14	0	0	0	0
14	0	14	0	0	0	0
15	0	13	0	0	0	0
0	0	13	0	0	0	0
1	0	13	0	0	0	0
2	0	13	0	0	0	0
3	0	13	0	0	0	0
4	0	13	0	0	0	0
5	0	13	0	0	0	0
6	0	13	0	0	0	0
7	0	13	0	0	0	0
8	0	13	0	0	0	0
9	0	13	0	0	0	0
10	0	13	0	0	0	0
11	0	13	0	0	0	0
12	0	13	0	0	0	0
13	0	13	0	0	0	0
14	0	13	0	0	0	0
15	0	12	0	0	0	0
0	0	13	0	0	0	0
1	0	13	0	0	0	0
2	0	13	0	0	0	0
3	0	13	0	0	0	0
4	0	13	0	0	0	0
5	0	13	0	0	0	0
6	0	15	0	0	0	0
7	0	15	0	0	0	0
8	0	15	0	0	0	0
9	0	15	0	0	0	0
10	0	15	0	0	0	0
11	0	15	0	0	0	0
12	0	16	0	0	0	0
13	0	19	0	0	0	0
14	0	23	0	0	0	0
15	0	26	0	0	0	0
0	0	26	0	0	0	0
1	0	26	0	0	0	0
2	0	26	0	0	0	0
3	0	27	0	0	0	0
4	0	28	0	0	0	0
5	0	28	0	0	0	0
6	1022	24	0	0	0	0
7	449	18	0	0	0	0
8	185	15	0	0	0	0
9	577	17	0	0	0	0
10	1022	24	0	0	0	0
11	396	22	0	0	0	0
12	608	13	0	0	0	0
13	1022	18	0	0	0	0
14	69	12	0	0	0	0
15	0	10	0	0	0	0
0	323	10	0	0	0	0
1	0	8	0	0	0	0
2	864	8	0	0	0	0
3	1022	8	0	0	0	0
4	310	9	0	0	0	0
5	0	8	0	0	0	0
6	154	9	0	0	0	0
7	0	8	0	0	0	0
8	0	7	0	0	0	0
9	1022	7	0	0	0	0
10	1022	6	0	0	0	0
11	1022	6	0	0	0	0
12	0	5	0	0	0	0
13	0	5	0	0	0	0
14	1022	4	0	0	0	0
15	58	4	0	0	0	0
0	756	5	0	0	0	0
1	1022	4	0	0	0	0
2	1022	5	0	0	0	0
3	367	5	0	0	0	0
4	0	6	0	0	0	0
5	345	6	0	0	0	0
6	409	6	0	0	0	0
7	1022	8	0	0	0	0
8	1022	17	0	0	0	0
9	123	20	0	0	0	0
10	0	22	0	0	0	0
11	0	23	0	0	0	0
12	1022	24	0	0	0	0
13	0	20	0	0	0	0
14	0	14	0	0	0	0
15	0	20	0	0	0	0
0	0	22	0	0	0	0
1	857	26	0	0	0	0
2	0	7	0	0	0	0
3	164	7	0	0	0	0
4	233	7	0	0	0	0
5	352	7	0	0	0	0
6	484	5	0	0	0	0
7	599	4	0	0	0	0
8	742	4	0	0	0	0
9	856	4	0	0	0	0
10	847	4	0	0	0	0
11	898	4	0	0	0	0
12	717	4	0	0	0	0
13	1022	3	0	0	0	0
14	1022	4	0	0	0	0
15	842	3	0	0	0	0
0	1022	4	0	0	0	0
1	1022	4	0	0	0	0
2	1022	4	0	0	0	0
3	692	4	0	0	0	0
4	1022	4	0	0	0	0
5	156	4	0	0	0	0
6	1022	4	0	0	0	0
7	1022	4	0	0	0	0
8	1022	4	0	0	0	0
9	1022	4	0	0	0	0
10	1022	4	0	0	0	0
11	1022	4	0	0	0	0
12	1022	4	0	0	0	0
13	1022	4	0	0	0	0
14	435	4	0	0	0	0
15	717	4	0	0	0	0
0	1022	4	0	0	0	0
1	295	3	0	0	0	0
2	472	4	0	0	0	0
3	1022	3	0	0	0	0
4	599	4	0	0	0	0
5	1022	4	0	0	0	0
6	1022	4	0	0	0	0
7	732	3	0	0	0	0
8	1022	4	0	0	0	0
9	0	3	0	0	0	0
10	1022	4	0	0	0	0
11	1022	4	0	0	0	0
12	0	3	0	0	0	0
13	0	3	0	0	0	0
14	403	3	0	0	0	0
15	1022	3	0	0	0	0
0	565	3	0	0	0	0
1	870	4	0	0	0	0
2	1022	3	0	0	0	0
3	1022	3	0	0	0	0
4	1022	3	0	0	0	0
5	1022	3	0	0	0	0
6	1022	3	0	0	0	0
7	269	3	0	0	0	0
8	41	3	0	0	0	0
9	1022	3	0	0	0	0
10	1022	3	0	0	0	0
11	1022	3	0	0	0	0
12	1022	3	0	0	0	0
13	1022	3	0	0	0	0
14	1022	3	0	0	0	0
15	0	3	0	0	0	0
0	60	3	0	0	0	0
1	1022	3	0	0	0	0
2	907	3	0	0	0	0
3	1022	3	0	0	0	0
4	1023	3	0	0	0	0
5	1022	3	0	0	0	0
6	1022	3	0	0	0	0
7	831	3	0	0	0	0
8	1022	3	0	0	0	0
9	1022	3	0	0	0	0
10	1022	3	0	0	0	0
11	1023	3	0	0	0	0
12	1023	3	0	0	0	0
13	1023	3	0	0	0	0
14	1023	3	0	0	0	0
15	1023	3	0	0	0	0
0	1023	3	0	0	0	0
1	1023	3	0	0	0	0
2	1022	3	0	0	0	0
3	1023	3	0	0	0	0
4	1023	3	0	0	0	0
5	1023	3	0	0	0	0
6	1023	3	0	0	0	0
7	0	3	0	0	0	0
8	0	3	0	0	0	0
9	1023	3	0	0	0	0
10	1023	3	0	0	0	0
11	1023	3	0	0	0	0
12	1023	3	0	0	0	0
13	1023	3	0	0	0	0
14	1023	3	0	0	0	0
15	1023	3	0	0	0	0
0	1023	2	0	0	0	0
1	1023	3	0	0	0	0
2	1023	2	0	0	0	0
3	1023	2	0	0	0	0
4	1023	3	0	0	0	0
5	1023	2	0	0	0	0
6	1023	3	0	0	0	0
7	1022	2	0	0	0	0
8	1023	2	0	0	0	0
9	1023	2	0	0	0	0
10	1023	3	0	0	0	0
11	1023	2	0	0	0	0
12	1023	2	0	0	0	0
13	1023	2	0	0	0	0
14	1023	2	0	0	0	0
15	1023	2	0	0	0	0
0	1023	2	0	0	0	0
1	1022	2	0	0	0	0
2	1023	2	0	0	0	0
3	1022	2	0	0	0	0
4	1023	2	0	0	0	0
5	1022	2	0	0	0	0
6	1022	2	0	0	0	0
7	1022	2	0	0	0	0
8	1022	2	0	0	0	0
9	1023	2	0	0	0	0
10	1023	2	0	0	0	0
11	1022	2	0	0	0	0
12	1023	2	0	0	0	0
13	1022	2	0	0	0	0
14	1023	2	0	0	0	0
15	1022	2	0	0	0	0
0	1023	2	0	0	0	0
1	1022	2	0	0	0	0
2	1023	2	0	0	0	0
3	1022	2	0	0	0	0
4	1022	2	0	0	0	0
5	1022	2	0	0	0	0
6	1022	2	0	0	0	0
7	1022	2	0	0	0	0
8	1022	2	0	0	0	0
9	246	2	0	0	0	0
10	1022	2	0	0	0	0
11	1022	2	0	0	0	0
12	1022	2	0	0	0	0
13	1022	2	0	0	0	0
14	1022	2	0	0	0	0
15	1022	2	0	0	0	0
0	1022	2	0	0	0	0
1	1022	2	0	0	0	0
2	1022	2	0	0	0	0
3	1022	2	0	0	0	0
4	1022	2	0	0	0	0
5	1022	2	0	0	0	0
6	1022	2	0	0	0	0
7	1022	2	0	0	0	0
8	1022	2	0	0	0	0
9	1022	2	0	0	0	0
10	1022	2	0	0	0	0
11	1022	2	0	0	0	0
12	1022	2	0	0	0	0
13	1022	2	0	0	0	0
14	1022	2	0	0	0	0
15	1022	2	0	0	0	0
0	1022	2	0	0	0	0
1	1022	2	0	0	0	0
2	1022	2	0	0	0	0
3	1022	2	0	0	0	0
4	1022	2	0	0	0	0
5	1022	2	0	0	0	0
6	1022	2	0	0	0	0
7	1022	2	0	0	0	0
8	1022	2	0	0	0	0
9	1022	2	0	0	0	0
10	1022	2	0	0	0	0
11	0	2	0	0	0	0
12	1022	2	0	0	0	0
13	1022	2	0	0	0	0
14	1022	3	0	0	0	0
15	627	3	0	0	0	0
0	1022	3	0	0	0	0
1	1022	3	0	0	0	0
2	1022	3	0	0	0	0
3	1022	3	0	0	0	0
4	1022	3	0	0	0	0
5	965	3	0	0	0	0
6	0	3	0	0	0	0
7	0	3	0	0	0	0
8	0	3	0	0	0	0
9	1022	3	0	0	0	0
10	1022	3	0	0	0	0
11	1022	3	0	0	0	0
12	0	3	0	0	0	0
13	0	3	0	0	0	0
14	0	3	0	0	0	0
15	0	3	0	0	0	0
0	0	3	0	0	0	0
1	719	3	0	0	0	0
2	1022	3	0	0	0	0
3	1022	3	0	0	0	0
4	1022	3	0	0	0	0
5	0	3	0	0	0	0
6	0	3	0	0	0	0
7	0	3	0	0	0	0
8	0	3	0	0	0	0
9	0	3	0	0	0	0
10	0	3	0	0	0	0
11	480	3	0	0	0	0
12	734	4	0	0	0	0
13	801	3	0	0	0	0
14	1022	4	0	0	0	0
15	1022	3	0	0	0	0
0	1022	3	0	0	0	0
1	0	3	0	0	0	0
2	0	3	0	0	0	0
3	1022	4	0	0	0	0
4	1022	4	0	0	0	0
5	1022	4	0	0	0	0
6	0	3	0	0	0	0
7	0	4	0	0	0	0
8	0	4	0	0	0	0
9	0	4	0	0	0	0
10	0	4	0	0	0	0
11	0	5	0	0	0	0
12	0	5	0	0	0	0
13	0	5	0	0	0	0
14	710	5	0	0	0	0
15	362	5	0	0	0	0
0	115	5	0	0	0	0
1	73	4	0	0	0	0
2	26	4	0	0	0	0
3	0	4	0	0	0	0
4	0	4	0	0	0	0
5	0	4	0	0	0	0
6	0	4	0	0	0	0
7	0	4	0	0	0	0
8	0	4	0	0	0	0
9	0	4	0	0	0	0
10	0	4	0	0	0	0
11	0	4	0	0	0	0
12	0	4	0	0	0	0
13	0	4	0	0	0	0
14	0	4	0	0	0	0
15	0	4	0	0	0	0
0	0	4	0	0	0	0
1	0	4	0	0	0	0
2	0	4	0	0	0	0
3	0	4	0	0	0	0
4	0	4	0	0	0	0
5	0	4	0	0	0	0
6	0	4	0	0	0	0
7	0	4	0	0	0	0
8	0	4	0	0	0	0
9	0	4	0	0	0	0
10	0	4	0	0	0	0
11	0	4	0	0	0	0
12	0	4	0	0	0	0
13	0	4	0	0	0	0
14	0	4	0	0	0	0
15	0	4	0	0	0	0
0	0	4	0	0	0	0
1	0	4	0	0	0	0
2	0	4	0	0	0	0
3	0	4	0	0	0	0
4	0	4	0	0	0	0
5	0	4	0	0	0	0
6	0	4	0	0	0	0
7	0	4	0	0	0	0
8	0	3	0	0	0	0
9	0	4	0	0	0	0
10	0	4	0	0	0	0
11	0	4	0	0	0	0
12	0	4	0	0	0	0
13	0	4	0	0	0	0
14	0	4	0	0	0	0
15	0	3	0	0	0	0
0	0	4	0	0	0	0
1	0	3	0	0	0	0
2	0	4	0	0	0	0
3	0	3	0	0	0	0
4	0	3	0	0	0	0
5	0	3	0	0	0	0
6	0	3	0	0	0	0
7	0	3	0	0	0	0
8	0	3	0	0	0	0
9	0	3	0	0	0	0
10	0	3	0	0	0	0
11	0	3	0	0	0	0
12	0	3	0	0	0	0
13	0	3	0	0	0	0
14	0	3	0	0	0	0
15	0	3	0	0	0	0
0	0	3	0	0	0	0
1	0	3	0	0	0	0
2	0	3	0	0	0	0
3	0	3	0	0	0	0
4	0	3	0	0	0	0
5	0	3	0	0	0	0
6	0	3	0	0	0	0
7	0	3	0	0	0	0
8	0	3	0	0	0	0
9	0	3	0	0	0	0
10	0	3	0	0	0	0
11	0	3	0	0	0	0
12	0	3	0	0	0	0
13	0	3	0	0	0	0
14	0	3	0	0	0	0
15	0	3	0	0	0	0
0	0	3	0	0	0	0
1	0	3	0	0	0	0
2	0	3	0	0	0	0
3	0	3	0	0	0	0
4	0	3	0	0	0	0
5	0	3	0	0	0	0
6	0	3	0	0	0	0
7	0	3	0	0	0	0
8	0	3	0	0	0	0
9	0	3	0	0	0	0
10	0	3	0	0	0	0
11	0	3	0	0	0	0
12	0	3	0	0	0	0
13	0	3	0	0	0	0
14	0	3	0	0	0	0
15	0	3	0	0	0	0
0	0	3	0	0	0	0
1	0	3	0	0	0	0
2	0	3	0	0	0	0
3	0	3	0	0	0	0
4	0	3	0	0	0	0
5	0	3	0	0	0	0
6	0	3	0	0	0	0
7	0	3	0	0	0	0
8	0	3	0	0	0	0
9	0	3	0	0	0	0
10	0	3	0	0	0	0
11	0	3	0	0	0	0
12	0	3	0	0	0	0
13	0	3	0	0	0	0
14	0	3	0	0	0	0
15	0	3	0	0	0	0
0	0	3	0	0	0	0
1	0	3	0	0	0	0
2	1022	3	0	0	0	0
3	205	3	0	0	0	0
4	1022	3	0	0	0	0
5	1022	3	0	0	0	0
6	1023	3	0	0	0	0
7	1023	3	0	0	0	0
8	1022	3	0	0	0	0
9	0	3	0	0	0	0
10	0	3	0	0	0	0
11	0	3	0	0	0	0
12	0	3	0	0	0	0
13	0	3	0	0	0	0
14	0	3	0	0	0	0
15	0	3	0	0	0	0
0	0	2	0	0	0	0
1	0	2	0	0	0	0
2	0	2	0	0	0	0
3	0	3	0	0	0	0
4	0	3	0	0	0	0
5	0	3	0	0	0	0
6	0	3	0	0	0	0
7	0	3	0	0	0	0
8	0	3	0	0	0	0
9	0	3	0	0	0	0
10	0	3	0	0	0	0
11	0	3	0	0	0	0
12	0	2	0	0	0	0
13	0	3	0	0	0	0
14	0	3	0	0	0	0
15	0	2	0	0	0	0
0	0	3	0	0	0	0
1	0	2	0	0	0	0
2	0	3	0	0	0	0
3	0	2	0	0	0	0
4	0	2	0	0	0	0
5	0	2	0	0	0	0
6	0	2	0	0	0	0
7	0	2	0	0	0	0
8	0	2	0	0	0	0
9	0	3	0	0	0	0
10	0	2	0	0	0	0
11	0	2	0	0	0	0
12	0	2	0	0	0	0
13	0	2	0	0	0	0
14	0	2	0	0	0	0
15	0	2	0	0	0	0
0	0	2	0	0	0	0
1	0	2	0	0	0	0
2	0	2	0	0	0	0
3	0	2	0	0	0	0
4	0	2	0	0	0	0
5	0	2	0	0	0	0
6	0	2	0	0	0	0
7	0	2	0	0	0	0
8	0	2	0	0	0	0
9	0	2	0	0	0	0
10	0	2	0	0	0	0
11	0	2	0	0	0	0
12	0	2	0	0	0	0
13	0	2	0	0	0	0
14	0	2	0	0	0	0
15	0	2	0	0	0	0
0	0	2	0	0	0	0
1	0	2	0	0	0	0
2	0	2	0	0	0	0
3	0	2	0	0	0	0
4	0	2	0	0	0	0
5	0	2	0	0	0	0
6	0	2	0	0	0	0
7	0	2	0	0	0	0
8	0	2	0	0	0	0
9	0	2	0	0	0	0
10	0	2	0	0	0	0
11	0	2	0	0	0	0
12	0	2	0	0	0	0
13	0	2	0	0	0	0
14	0	2	0	0	0	0
15	0	2	0	0	0	0
0	0	2	0	0	0	0
1	0	2	0	0	0	0
2	0	2	0	0	0	0
3	0	2	0	0	0	0
4	0	2	0	0	0	0
5	0	2	0	0	0	0
6	0	2	0	0	0	0
7	0	2	0	0	0	0
8	0	2	0	0	0	0
9	0	2	0	0	0	0
10	0	2	0	0	0	0
11	0	2	0	0	0	0
12	0	2	0	0	0	0
13	0	2	0	0	0	0
14	0	2	0	0	0	0
15	0	2	0	0	0	0
0	0	2	0	0	0	0
1	0	2	0	0	0	0
2	0	2	0	0	0	0
3	0	2	0	0	0	0
4	601	2	0	0	0	0
5	0	2	0	0	0	0
6	0	4	0	0	0	0
7	0	5	0	0	0	0
8	0	5	0	0	0	0
9	0	5	0	0	0	0
10	0	6	0	0	0	0
11	0	5	0	0	0	0
12	0	5	0	0	0	0
13	0	6	0	0	0	0
14	0	6	0	0	0	0
15	0	6	0	0	0	0
0	0	6	0	0	0	0
1	0	6	0	0	0	0
2	0	6	0	0	0	0
3	0	6	0	0	0	0
4	0	6	0	0	0	0
5	0	6	0	0	0	0
6	0	5	0	0	0	0
7	0	6	0	0	0	0
8	0	6	0	0	0	0
9	0	6	0	0	0	0
10	0	6	0	0	0	0
11	0	6	0	0	0	0
12	0	6	0	0	0	0
13	0	6	0	0	0	0
14	0	6	0	0	0	0
15	0	6	0	0	0	0
0	0	6	0	0	0	0
1	0	6	0	0	0	0
2	0	6	0	0	0	0
3	0	6	0	0	0	0
4	0	6	0	0	0	0
5	0	6	0	0	0	0
6	0	6	0	0	0	0
7	0	6	0	0	0	0
8	0	6	0	0	0	0
9	0	6	0	0	0	0
10	0	6	0	0	0	0
11	0	6	0	0	0	0
12	0	6	0	0	0	0
13	0	7	0	0	0	0
14	0	6	0	0	0	0
15	0	6	0	0	0	0
0	0	6	0	0	0	0
1	0	6	0	0	0	0
2	0	6	0	0	0	0
3	0	6	0	0	0	0
4	0	7	0	0	0	0
5	0	6	0	0	0	0
6	0	7	0	0	0	0
7	0	6	0	0	0	0
8	0	7	0	0	0	0
9	0	6	0	0	0	0
10	0	6	0	0	0	0
11	0	6	0	0	0	0
12	0	6	0	0	0	0
13	0	6	0	0	0	0
14	0	6	0	0	0	0
15	0	7	0	0	0	0
0	0	6	0	0	0	0
1	0	7	0	0	0	0
2	0	6	0	0	0	0
3	0	7	0	0	0	0
4	0	7	0	0	0	0
5	0	7	0	0	0	0
6	0	7	0	0	0	0
7	0	7	0	0	0	0
8	0	7	0	0	0	0
9	0	6	0	0	0	0
10	0	7	0	0	0	0
11	0	6	0	0	0	0
12	0	6	0	0	0	0
13	0	6	0	0	0	0
14	0	7	0	0	0	0
15	0	6	0	0	0	0
0	0	6	0	0	0	0
1	0	6	0	0	0	0
2	0	6	0	0	0	0
3	0	6	0	0	0	0
4	0	6	0	0	0	0
5	0	7	0	0	0	0
6	0	6	0	0	0	0
7	0	7	0	0	0	0
8	0	6	0	0	0	0
9	0	6	0	0	0	0
10	0	6	0	0	0	0
11	0	6	0	0	0	0
12	185	6	0	0	0	0
13	1022	6	0	0	0	0
14	1022	6	0	0	0	0
15	0	6	0	0	0	0
0	0	6	0	0	0	0
1	0	6	0	0	0	0
2	0	7	0	0	0	0
3	0	7	0	0	0	0
4	0	7	0	0	0	0
5	0	7	0	0	0	0
6	0	7	0	0	0	0
7	0	7	0	0	0	0
8	0	7	0	0	0	0
9	0	7	0	0	0	0
10	0	7	0	0	0	0
11	0	7	0	0	0	0
12	0	7	0	0	0	0
13	0	7	0	0	0	0
14	0	7	0	0	0	0
15	0	7	0	0	0	0
0	0	7	0	0	0	0
1	0	7	0	0	0	0
2	0	7	0	0	0	0
3	0	7	0	0	0	0
4	0	7	0	0	0	0
5	0	7	0	0	0	0
6	0	7	0	0	0	0
7	0	7	0	0	0	0
8	0	7	0	0	0	0
9	0	7	0	0	0	0
10	1022	7	0	0	0	0
11	1022	7	0	0	0	0
12	0	7	0	0	0	0
13	1022	7	0	0	0	0
14	1022	7	0	0	0	0
15	1022	7	0	0	0	0
0	1022	8	0	0	0	0
1	1022	7	0	0	0	0
2	936	7	0	0	0	0
3	0	7	0	0	0	0
4	0	8	0	0	0	0
5	0	9	0	0	0	0
6	0	9	0	0	0	0
7	1022	11	0	0	0	0
8	1022	11	0	0	0	0
9	1022	12	0	0	0	0
10	1022	12	0	0	0	0
11	983	12	0	0	0	0
12	792	12	0	0	0	0
13	0	11	0	0	0	0
14	0	11	0	0	0	0
15	0	11	0	0	0	0
0	0	12	0	0	0	0
1	0	12	0	0	0	0
2	0	12	0	0	0	0
3	0	10	0	0	0	0
4	0	9	0	0	0	0
5	0	9	0	0	0	0
6	0	10	0	0	0	0
7	0	11	0	0	0	0
8	0	12	0	0	0	0
9	0	12	0	0	0	0
10	0	12	0	0	0	0
11	1022	12	0	0	0	0
12	0	12	0	0	0	0
13	0	12	0	0	0	0
14	0	12	0	0	0	0
15	0	12	0	0	0	0
0	0	12	0	0	0	0
1	1022	13	0	0	0	0
2	1022	13	0	0	0	0
3	1022	13	0	0	0	0
4	0	12	0	0	0	0
5	0	12	0	0	0	0
6	489	12	0	0	0	0
7	1022	13	0	0	0	0
8	1022	13	0	0	0	0
9	1022	13	0	0	0	0
10	1022	13	0	0	0	0
11	856	13	0	0	0	0
12	717	13	0	0	0	0
13	636	13	0	0	0	0
14	590	13	0	0	0	0
15	562	12	0	0	0	0
0	546	13	0	0	0	0
1	536	12	0	0	0	0
2	529	12	0	0	0	0
3	1022	12	0	0	0	0
4	571	11	0	0	0	0
5	265	11	0	0	0	0
6	1022	11	0	0	0	0
7	1022	11	0	0	0	0
8	1022	12	0	0	0	0
9	1020	11	0	0	0	0
10	242	9	0	0	0	0
11	110	10	0	0	0	0
12	266	12	0	0	0	0
13	0	11	0	0	0	0
14	0	11	0	0	0	0
15	0	11	0	0	0	0
0	0	11	0	0	0	0
1	0	11	0	0	0	0
2	0	11	0	0	0	0
3	0	11	0	0	0	0
4	0	10	0	0	0	0
5	0	10	0	0	0	0
6	0	10	0	0	0	0
7	0	10	0	0	0	0
8	0	10	0	0	0	0
9	0	10	0	0	0	0
10	0	10	0	0	0	0
11	0	10	0	0	0	0
12	0	10	0	0	0	0
13	0	10	0	0	0	0
14	0	10	0	0	0	0
15	0	10	0	0	0	0
0	0	10	0	0	0	0
1	0	10	0	0	0	0
2	0	10	0	0	0	0
3	0	10	0	0	0	0
4	0	10	0	0	0	0
5	0	10	0	0	0	0
6	0	10	0	0	0	0
7	34	10	0	0	0	0
8	132	10	0	0	0	0
9	232	10	0	0	0	0
10	348	10	0	0	0	0
11	482	10	0	0	0	0
12	419	10	0	0	0	0
13	593	10	0	0	0	0
14	715	11	0	0	0	0
15	691	10	0	0	0	0
0	789	10	0	0	0	0
1	854	10	0	0	0	0
2	1019	10	0	0	0	0
3	574	10	0	0	0	0
4	0	10	0	0	0	0
5	0	10	0	0	0	0
6	0	10	0	0	0	0
7	0	10	0	0	0	0
8	0	10	0	0	0	0
9	0	10	0	0	0	0
10	0	10	0	0	0	0
11	0	10	0	0	0	0
12	0	10	0	0	0	0
13	0	10	0	0	0	0
14	0	10	0	0	0	0
15	0	10	0	0	0	0
0	0	10	0	0	0	0
1	0	10	0	0	0	0
2	0	10	0	0	0	0
3	0	10	0	0	0	0
4	0	10	0	0	0	0
5	51	10	0	0	0	0
6	104	10	0	0	0	0
7	211	10	0	0	0	0
8	206	10	0	0	0	0
9	299	10	0	0	0	0
10	260	10	0	0	0	0
11	315	10	0	0	0	0
12	404	10	0	0	0	0
13	479	10	0	0	0	0
14	493	10	0	0	0	0
15	542	11	0	0	0	0
0	588	10	0	0	0	0
1	627	10	0	0	0	0
2	667	10	0	0	0	0
3	694	10	0	0	0	0
4	759	11	0	0	0	0
5	870	10	0	0	0	0
6	904	11	0	0	0	0
7	964	11	0	0	0	0
8	1020	11	0	0	0	0
9	1005	10	0	0	0	0
10	1020	11	0	0	0	0
11	1022	10	0	0	0	0
12	1022	11	0	0	0	0
13	1022	10	0	0	0	0
14	1022	11	0	0	0	0
15	1022	10	0	0	0	0
0	1022	11	0	0	0	0
1	1022	11	0	0	0	0
2	1022	11	0	0	0	0
3	1022	11	0	0	0	0
4	1022	11	0	0	0	0
5	1022	11	0	0	0	0
6	1022	10	0	0	0	0
7	1022	11	0	0	0	0
8	1022	11	0	0	0	0
9	1022	11	0	0	0	0
10	1022	10	0	0	0	0
11	1022	11	0	0	0	0
12	1022	11	0	0	0	0
13	1022	11	0	0	0	0
14	1022	11	0	0	0	0
15	1022	11	0	0	0	0
0	1022	10	0	0	0	0
1	1022	11	0	0	0	0
2	1022	11	0	0	0	0
3	1022	11	0	0	0	0
4	1022	11	0	0	0	0
5	1022	10	0	0	0	0
6	1022	11	0	0	0	0
7	1022	11	0	0	0	0
8	1022	11	0	0	0	0
9	1022	11	0	0	0	0
10	1022	11	0	0	0	0
11	1022	11	0	0	0	0
12	1022	11	0	0	0	0
13	1022	11	0	0	0	0
14	1022	10	0	0	0	0
15	1022	11	0	0	0	0
0	1022	11	0	0	0	0
1	1022	11	0	0	0	0
2	1022	11	0	0	0	0
3	1022	11	0	0	0	0
4	1022	11	0	0	0	0
5	1022	10	0	0	0	0
6	1022	12	0	0	0	0
7	1022	12	0	0	0	0
8	1022	12	0	0	0	0
9	1022	11	0	0	0	0
10	1022	11	0	0	0	0
11	1022	11	0	0	0	0
12	1022	11	0	0	0	0
13	1022	11	0	0	0	0
14	1022	11	0	0	0	0
15	1022	11	0	0	0	0
0	1022	11	0	0	0	0
1	1022	11	0	0	0	0
2	1022	11	0	0	0	0
3	1022	11	0	0	0	0
4	1022	11	0	0	0	0
5	1022	11	0	0	0	0
6	1022	10	0	0	0	0
7	922	11	0	0	0	0
8	758	11	0	0	0	0
9	662	11	0	0	0	0
10	606	11	0	0	0	0
11	573	11	0	0	0	0
12	553	11	0	0	0	0
13	541	11	0	0	0	0
14	533	11	0	0	0	0
15	529	11	0	0	0	0
0	1022	11	0	0	0	0
1	1022	11	0	0	0	0
2	1022	11	0	0	0	0
3	1022	11	0	0	0	0
4	1022	11	0	0	0	0
5	1022	11	0	0	0	0
6	1022	11	0	0	0	0
7	1022	11	0	0	0	0
8	1006	11	0	0	0	0
9	795	11	0	0	0	0
10	675	11	0	0	0	0
11	1022	11	0	0	0	0
12	1022	11	0	0	0	0
13	1022	11	0	0	0	0
14	1022	11	0	0	0	0
15	1022	11	0	0	0	0
0	1022	11	0	0	0	0
1	1022	11	0	0	0	0
2	1022	10	0	0	0	0
3	1022	10	0	0	0	0
4	1022	10	0	0	0	0
5	1022	10	0	0	0	0
6	1022	10	0	0	0	0
7	1022	10	0	0	0	0
8	1022	10	0	0	0	0
9	1022	10	0	0	0	0
10	1022	10	0	0	0	0
11	1022	10	0	0	0	0
12	1022	10	0	0	0	0
13	1022	11	0	0	0	0
14	1022	11	0	0	0	0
15	1022	10	0	0	0	0
0	1022	10	0	0	0	0
1	1022	10	0	0	0	0
2	1022	10	0	0	0	0
3	1022	10	0	0	0	0
4	1022	10	0	0	0	0
5	1022	10	0	0	0	0
6	1022	10	0	0	0	0
7	1022	10	0	0	0	0
8	1023	9	0	0	0	0
9	1022	10	0	0	0	0
10	1022	9	0	0	0	0
11	1022	9	0	0	0	0
12	1022	9	0	0	0	0
13	1022	9	0	0	0	0
14	1022	9	0	0	0	0
15	1022	9	0	0	0	0
0	1022	9	0	0	0	0
1	1022	9	0	0	0	0
2	1022	9	0	0	0	0
3	1022	9	0	0	0	0
4	1022	9	0	0	0	0
5	1022	9	0	0	0	0
6	1022	9	0	0	0	0
7	1022	9	0	0	0	0
8	1022	9	0	0	0	0
9	1022	9	0	0	0	0
10	1022	9	0	0	0	0
11	1022	9	0	0	0	0
12	1022	9	0	0	0	0
13	1022	9	0	0	0	0
14	1022	9	0	0	0	0
15	1022	9	0	0	0	0
0	1022	9	0	0	0	0
1	1022	9	0	0	0	0
2	1022	9	0	0	0	0
3	1022	9	0	0	0	0
4	1023	9	0	0	0	0
5	1022	9	0	0	0	0
6	1022	9	0	0	0	0
7	1022	9	0	0	0	0
8	1022	9	0	0	0	0
9	1022	8	0	0	0	0
10	1022	9	0	0	0	0
11	1022	9	0	0	0	0
12	1023	9	0	0	0	0
13	1022	9	0	0	0	0
14	1023	9	0	0	0	0
15	1022	8	0	0	0	0
0	1023	9	0	0	0	0
1	1022	9	0	0	0	0
2	1022	9	0	0	0	0
3	1022	9	0	0	0	0
4	1022	9	0	0	0	0
5	1023	9	0	0	0	0
6	1022	9	0	0	0	0
7	1022	9	0	0	0	0
8	1022	9	0	0	0	0
9	1022	9	0	0	0	0
10	1023	8	0	0	0	0
11	1022	9	0	0	0	0
12	1023	8	0	0	0	0
13	1022	9	0	0	0	0
14	1023	9	0	0	0	0
15	1022	9	0	0	0	0
0	1023	9	0	0	0	0
1	1022	9	0	0	0	0
2	1023	9	0	0	0	0
3	1023	9	0	0	0	0
4	1023	9	0	0	0	0
5	1023	8	0	0	0	0
6	1023	9	0	0	0	0
7	1023	9	0	0	0	0
8	1023	9	0	0	0	0
9	1023	8	0	0	0	0
10	1023	8	0	0	0	0
11	1023	9	0	0	0	0
12	1022	8	0	0	0	0
13	1023	9	0	0	0	0
14	1023	8	0	0	0	0
15	1023	8	0	0	0	0
0	1023	8	0	0	0	0
1	1023	8	0	0	0	0
2	1023	7	0	0	0	0
3	1023	7	0	0	0	0
4	965	8	0	0	0	0
5	977	7	0	0	0	0
6	1022	8	0	0	0	0
7	928	8	0	0	0	0
8	758	8	0	0	0	0
9	765	8	0	0	0	0
10	961	8	0	0	0	0
11	1022	8	0	0	0	0
12	1013	8	0	0	0	0
13	825	8	0	0	0	0
14	712	8	0	0	0	0
15	755	8	0	0	0	0
0	642	8	0	0	0	0
1	495	8	0	0	0	0
2	1023	8	0	0	0	0
3	1023	8	0	0	0	0
4	1022	8	0	0	0	0
5	1022	8	0	0	0	0
6	1023	8	0	0	0	0
7	1022	8	0	0	0	0
8	1023	8	0	0	0	0
9	1022	8	0	0	0	0
10	1022	8	0	0	0	0
11	1022	8	0	0	0	0
12	1022	8	0	0	0	0
13	1022	8	0	0	0	0
14	1022	8	0	0	0	0
15	1022	8	0	0	0	0
0	1022	8	0	0	0	0
1	1022	8	0	0	0	0
2	1022	8	0	0	0	0
3	1022	8	0	0	0	0
4	1022	8	0	0	0	0
5	1022	8	0	0	0	0
6	1022	8	0	0	0	0
7	1022	8	0	0	0	0
8	1022	8	0	0	0	0
9	494	8	0	0	0	0
10	1022	8	0	0	0	0
11	1022	9	0	0	0	0
12	1022	8	0	0	0	0
13	1022	9	0	0	0	0
14	1022	9	0	0	0	0
15	1022	9	0	0	0	0
0	1022	9	0	0	0	0
1	1022	9	0	0	0	0
2	1022	9	0	0	0	0
3	941	9	0	0	0	0
4	1022	9	0	0	0	0
5	1022	9	0	0	0	0
6	1022	10	0	0	0	0
7	815	10	0	0	0	0
8	551	10	0	0	0	0
9	473	10	0	0	0	0
10	1022	10	0	0	0	0
11	1022	10	0	0	0	0
12	1022	10	0	0	0	0
13	1022	10	0	0	0	0
14	1022	10	0	0	0	0
15	1022	10	0	0	0	0
0	1022	10	0	0	0	0
1	1022	11	0	0	0	0
2	1022	10	0	0	0	0
3	1020	11	0	0	0	0
4	908	10	0	0	0	0
5	783	11	0	0	0	0
6	775	10	0	0	0	0
7	796	10	0	0	0	0
8	805	11	0	0	0	0
9	490	10	0	0	0	0
10	321	10	0	0	0	0
11	381	10	0	0	0	0
12	240	10	0	0	0	0
13	125	10	0	0	0	0
14	0	11	0	0	0	0
15	1022	11	0	0	0	0
0	1022	11	0	0	0	0
1	667	11	0	0	0	0
2	1022	12	0	0	0	0
3	1022	12	0	0	0	0
4	1022	12	0	0	0	0
5	1022	12	0	0	0	0
6	0	12	0	0	0	0
7	0	12	0	0	0	0
8	0	12	0	0	0	0
9	1022	13	0	0	0	0
10	1022	13	0	0	0	0
11	1022	14	0	0	0	0
12	1022	14	0	0	0	0
13	1022	14	0	0	0	0
14	1022	14	0	0	0	0
15	1022	14	0	0	0	0
0	1022	14	0	0	0	0
1	1022	14	0	0	0	0
2	1022	14	0	0	0	0
3	1022	13	0	0	0	0
4	1008	13	0	0	0	0
5	1022	13	0	0	0	0
6	959	13	0	0	0	0
7	126	12	0	0	0	0
8	85	13	0	0	0	0
9	95	12	0	0	0	0
10	177	13	0	0	0	0
11	247	13	0	0	0	0
12	156	13	0	0	0	0
13	0	13	0	0	0	0
14	0	13	0	0	0	0
15	0	13	0	0	0	0
0	0	13	0	0	0	0
1	0	13	0	0	0	0
2	0	13	0	0	0	0
3	0	13	0	0	0	0
4	0	12	0	0	0	0
5	0	13	0	0	0	0
6	0	12	0	0	0	0
7	0	13	0	0	0	0
8	0	13	0	0	0	0
9	0	13	0	0	0	0
10	0	13	0	0	0	0
11	0	12	0	0	0	0
12	0	13	0	0	0	0
13	0	12	0	0	0	0
14	1022	13	0	0	0	0
15	1022	12	0	0	0	0
0	1022	13	0	0	0	0
1	1022	12	0	0	0	0
2	1020	13	0	0	0	0
3	1019	12	0	0	0	0
4	889	13	0	0	0	0
5	772	12	0	0	0	0
6	710	12	0	0	0	0
7	663	13	0	0	0	0
8	535	12	0	0	0	0
9	547	12	0	0	0	0
10	497	13	0	0	0	0
11	504	13	0	0	0	0
12	427	13	0	0	0	0
13	378	13	0	0	0	0
14	313	12	0	0	0	0
15	257	13	0	0	0	0
0	256	13	0	0	0	0
1	247	13	0	0	0	0
2	259	13	0	0	0	0
3	185	13	0	0	0	0
4	126	13	0	0	0	0
5	76	13	0	0	0	0
6	124	13	0	0	0	0
7	30	12	0	0	0	0
8	35	13	0	0	0	0
9	0	13	0	0	0	0
10	0	13	0	0	0	0
11	0	13	0	0	0	0
12	0	13	0	0	0	0
13	0	13	0	0	0	0
14	0	13	0	0	0	0
15	0	13	0	0	0	0
0	0	13	0	0	0	0
1	0	13	0	0	0	0
2	0	12	0	0	0	0
3	0	13	0	0	0	0
4	0	13	0	0	0	0
5	0	13	0	0	0	0
6	0	13	0	0	0	0
7	0	13	0	0	0	0
8	0	13	0	0	0	0
9	0	13	0	0	0	0
10	0	13	0	0	0	0
11	0	13	0	0	0	0
12	0	13	0	0	0	0
13	0	13	0	0	0	0
14	0	13	0	0	0	0
15	0	13	0	0	0	0
0	0	13	0	0	0	0
1	0	13	0	0	0	0
2	0	13	0	0	0	0
3	0	13	0	0	0	0
4	0	13	0	0	0	0
5	0	13	0	0	0	0
6	0	13	0	0	0	0
7	0	13	0	0	0	0
8	0	13	0	0	0	0
9	0	13	0	0	0	0
10	0	13	0	0	0	0
11	0	13	0	0	0	0
12	0	13	0	0	0	0
13	0	13	0	0	0	0
14	0	13	0	0	0	0
15	0	13	0	0	0	0
0	0	13	0	0	0	0
1	0	13	0	0	0	0
2	0	13	0	0	0	0
3	0	13	0	0	0	0
4	0	13	0	0	0	0
5	0	13	0	0	0	0
6	0	13	0	0	0	0
7	0	13	0	0	0	0
8	0	13	0	0	0	0
9	0	13	0	0	0	0
10	0	13	0	0	0	0
11	0	13	0	0	0	0
12	0	13	0	0	0	0
13	0	13	0	0	0	0
14	0	13	0	0	0	0
15	0	13	0	0	0	0
0	0	13	0	0	0	0
1	0	13	0	0	0	0
2	0	13	0	0	0	0
3	0	13	0	0	0	0
4	0	13	0	0	0	0
5	0	13	0	0	0	0
6	0	13	0	0	0	0
7	0	13	0	0	0	0
8	0	13	0	0	0	0
9	0	13	0	0	0	0
10	0	13	0	0	0	0
11	0	13	0	0	0	0
12	0	13	0	0	0	0
13	0	13	0	0	0	0
14	0	13	0	0	0	0
15	0	13	0	0	0	0
0	0	13	0	0	0	0
1	0	13	0	0	0	0
2	0	13	0	0	0	0
3	0	13	0	0	0	0
4	0	13	0	0	0	0
5	0	13	0	0	0	0
6	0	13	0	0	0	0
7	0	13	0	0	0	0
8	0	13	0	0	0	0
9	0	13	0	0	0	0
10	0	13	0	0	0	0
11	0	13	0	0	0	0
12	0	13	0	0	0	0
13	0	13	0	0	0	0
14	0	13	0	0	0	0
15	0	13	0	0	0	0
0	0	13	0	0	0	0
1	0	13	0	0	0	0
2	0	13	0	0	0	0
3	0	13	0	0	0	0
4	0	13	0	0	0	0
5	0	13	0	0	0	0
6	0	13	0	0	0	0
7	0	13	0	0	0	0
8	0	13	0	0	0	0
9	0	13	0	0	0	0
10	0	13	0	0	0	0
11	0	13	0	0	0	0
12	0	13	0	0	0	0
13	0	13	0	0	0	0
14	0	13	0	0	0	0
15	0	13	0	0	0	0
0	0	13	0	0	0	0
1	0	13	0	0	0	0
2	0	13	0	0	0	0
3	0	13	0	0	0	0
4	0	13	0	0	0	0
5	0	13	0	0	0	0
6	0	13	0	0	0	0
7	0	13	0	0	0	0
8	0	13	0	0	0	0
9	0	13	0	0	0	0
10	0	13	0	0	0	0
11	0	13	0	0	0	0
12	0	13	0	0	0	0
13	0	13	0	0	0	0
14	0	13	0	0	0	0
15	0	13	0	0	0	0
0	0	13	0	0	0	0
1	0	13	0	0	0	0
2	0	13	0	0	0	0
3	0	13	0	0	0	0
4	0	13	0	0	0	0
5	0	13	0	0	0	0
6	0	12	0	0	0	0
7	0	12	0	0	0	0
8	0	12	0	0	0	0
9	0	13	0	0	0	0
10	0	12	0	0	0	0
11	0	12	0	0	0	0
12	0	12	0	0	0	0
13	0	12	0	0	0	0
14	0	12	0	0	0	0
15	0	12	0	0	0	0
0	0	12	0	0	0	0
1	0	12	0	0	0	0
2	0	12	0	0	0	0
3	0	12	0	0	0	0
4	0	12	0	0	0	0
5	0	12	0	0	0	0
6	0	12	0	0	0	0
7	0	12	0	0	0	0
8	0	12	0	0	0	0
9	0	12	0	0	0	0
10	0	12	0	0	0	0
11	0	12	0	0	0	0
12	0	12	0	0	0	0
13	0	12	0	0	0	0
14	121	12	0	0	0	0
15	951	13	0	0	0	0
0	1022	12	0	0	0	0
1	1022	13	0	0	0	0
2	1022	12	0	0	0	0
3	1022	12	0	0	0	0
4	1022	12	0	0	0	0
5	1022	12	0	0	0	0
6	1022	12	0	0	0	0
7	1022	12	0	0	0	0
8	1022	13	0	0	0	0
9	1022	12	0	0	0	0
10	1022	12	0	0	0	0
11	1022	12	0	0	0	0
12	1022	12	0	0	0	0
13	1022	12	0	0	0	0
14	1022	12	0	0	0	0
15	1022	12	0	0	0	0
0	1022	12	0	0	0	0
1	1022	12	0	0	0	0
2	1022	12	0	0	0	0
3	1022	12	0	0	0	0
4	1022	12	0	0	0	0
5	1022	12	0	0	0	0
6	1022	12	0	0	0	0
7	1022	12	0	0	0	0
8	1022	12	0	0	0	0
9	1022	12	0	0	0	0
10	928	12	0	0	0	0
11	0	12	0	0	0	0
12	0	12	0	0	0	0
13	23	12	0	0	0	0
14	0	12	0	0	0	0
15	0	12	0	0	0	0
0	0	12	0	0	0	0
1	0	12	0	0	0	0
2	0	12	0	0	0	0
3	0	12	0	0	0	0
4	0	12	0	0	0	0
5	0	12	0	0	0	0
6	0	12	0	0	0	0
7	0	12	0	0	0	0
8	0	12	0	0	0	0
9	0	12	0	0	0	0
10	0	12	0	0	0	0
11	0	12	0	0	0	0
12	0	12	0	0	0	0
13	0	12	0	0	0	0
14	0	12	0	0	0	0
15	0	12	0	0	0	0
0	0	12	0	0	0	0
1	0	12	0	0	0	0
2	0	12	0	0	0	0
3	0	12	0	0	0	0
4	0	12	0	0	0	0
5	0	12	0	0	0	0
6	0	12	0	0	0	0
7	0	12	0	0	0	0
8	0	12	0	0	0	0
9	0	12	0	0	0	0
10	0	12	0	0	0	0
11	0	12	0	0	0	0
12	0	12	0	0	0	0
13	0	12	0	0	0	0
14	0	12	0	0	0	0
15	0	12	0	0	0	0
0	0	12	0	0	0	0
1	0	12	0	0	0	0
2	0	12	0	0	0	0
3	0	12	0	0	0	0
4	0	12	0	0	0	0
5	0	12	0	0	0	0
6	0	12	0	0	0	0
7	0	12	0	0	0	0
8	0	12	0	0	0	0
9	0	12	0	0	0	0
10	0	12	0	0	0	0
11	0	12	0	0	0	0
12	0	12	0	0	0	0
13	0	12	0	0	0	0
14	0	12	0	0	0	0
15	0	12	0	0	0	0
0	0	12	0	0	0	0
1	0	12	0	0	0	0
2	0	12	0	0	0	0
3	0	12	0	0	0	0
4	0	12	0	0	0	0
5	0	12	0	0	0	0
6	0	12	0	0	0	0
7	0	12	0	0	0	0
8	0	12	0	0	0	0
9	0	12	0	0	0	0
10	0	12	0	0	0	0
11	0	12	0	0	0	0
12	0	12	0	0	0	0
13	0	12	0	0	0	0
14	0	12	0	0	0	0
15	0	12	0	0	0	0
0	0	12	0	0	0	0
1	0	12	0	0	0	0
2	0	12	0	0	0	0
3	0	13	0	0	0	0
4	0	13	0	0	0	0
5	0	13	0	0	0	0
6	0	13	0	0	0	0
7	0	13	0	0	0	0
8	0	13	0	0	0	0
9	0	13	0	0	0	0
10	0	13	0	0	0	0
11	0	13	0	0	0	0
12	0	13	0	0	0	0
13	0	13	0	0	0	0
14	0	13	0	0	0	0
15	0	13	0	0	0	0
0	0	13	0	0	0	0
1	0	13	0	0	0	0
2	0	13	0	0	0	0
3	0	13	0	0	0	0
4	0	13	0	0	0	0
5	0	13	0	0	0	0
6	0	13	0	0	0	0
7	0	13	0	0	0	0
8	0	13	0	0	0	0
9	0	13	0	0	0	0
10	0	13	0	0	0	0
11	0	13	0	0	0	0
12	0	13	0	0	0	0
13	0	13	0	0	0	0
14	0	13	0	0	0	0
15	0	14	0	0	0	0
0	0	13	0	0	0	0
1	0	15	0	0	0	0
2	1022	15	0	0	0	0
3	0	14	0	0	0	0
4	0	14	0	0	0	0
5	1022	15	0	0	0	0
6	1022	15	0	0	0	0
7	0	14	0	0	0	0
8	1022	15	0	0	0	0
9	0	14	0	0	0	0
10	1022	15	0	0	0	0
11	1022	15	0	0	0	0
12	1022	14	0	0	0	0
13	1022	15	0	0	0	0
14	1022	15	0	0	0	0
15	1022	14	0	0	0	0
0	0	14	0	0	0	0
1	0	14	0	0	0	0
2	0	14	0	0	0	0
3	0	14	0	0	0	0
4	0	14	0	0	0	0
5	0	14	0	0	0	0
6	0	14	0	0	0	0
7	0	14	0	0	0	0
8	0	14	0	0	0	0
9	0	14	0	0	0	0
10	0	14	0	0	0	0
11	0	14	0	0	0	0
12	0	14	0	0	0	0
13	0	14	0	0	0	0
14	0	14	0	0	0	0
15	0	14	0	0	0	0
0	0	14	0	0	0	0
1	0	14	0	0	0	0
2	0	14	0	0	0	0
3	0	15	0	0	0	0
4	0	14	0	0	0	0
5	0	14	0	0	0	0
6	0	14	0	0	0	0
7	0	14	0	0	0	0
8	0	14	0	0	0	0
9	0	14	0	0	0	0
10	0	14	0	0	0	0
11	0	14	0	0	0	0
12	0	14	0	0	0	0
13	0	14	0	0	0	0
14	0	14	0	0	0	0
15	0	14	0	0	0	0
0	0	14	0	0	0	0
1	0	14	0	0	0	0
2	0	14	0	0	0	0
3	0	14	0	0	0	0
4	0	14	0	0	0	0
5	0	14	0	0	0	0
6	0	14	0	0	0	0
7	0	15	0	0	0	0
8	0	15	0	0	0	0
9	0	15	0	0	0	0
10	0	17	0	0	0	0
11	0	17	0	0	0	0
12	0	17	0	0	0	0
13	0	17	0	0	0	0
14	0	17	0	0	0	0
15	0	17	0	0	0	0
0	0	17	0	0	0	0
1	0	18	0	0	0	0
2	0	4	0	0	0	0
3	0	3	0	0	0	0
4	0	2	0	0	0	0
5	0	1	0	0	0	0
6	0	2	0	0	0	0
7	0	2	0	0	0	0
8	0	6	0	0	0	0
9	0	7	0	0	0	0
10	0	7	0	0	0	0
11	0	7	0	0	0	0
12	167	7	0	0	0	0
13	303	7	0	0	0	0
14	383	6	0	0	0	0
15	429	4	0	0	0	0
0	0	3	0	0	0	0
1	1023	4	0	0	0	0
2	1023	3	0	0	0	0
3	1023	8	0	0	0	0
4	1023	7	0	0	0	0
5	0	19	0	0	0	0
6	0	30	0	0	0	0
7	0	33	0	0	0	0
8	0	33	0	0	0	0
9	0	32	0	0	0	0
10	113	28	0	0	0	0
11	273	20	0	0	0	0
12	367	15	0	0	0	0
13	0	15	0	0	0	0
14	0	16	0	0	0	0
15	0	22	0	0	0	0
0	0	26	0	0	0	0
1	0	32	0	0	0	0
2	0	29	0	0	0	0
3	0	28	0	0	0	0
4	0	26	0	0	0	0
5	0	23	0	0	0	0
6	0	23	0	0	0	0
7	0	23	0	0	0	0
8	0	23	0	0	0	0
9	0	21	0	0	0	0
10	0	21	0	0	0	0
11	0	21	0	0	0	0
12	0	21	0	0	0	0
13	0	21	0	0	0	0
14	0	20	0	0	0	0
15	0	22	0	0	0	0
0	0	21	0	0	0	0
1	0	21	0	0	0	0
2	0	21	0	0	0	0
3	0	22	0	0	0	0
4	0	23	0	0	0	0
5	0	23	0	0	0	0
6	0	23	0	0	0	0
7	0	23	0	0	0	0
8	0	23	0	0	0	0
9	0	23	0	0	0	0
10	0	23	0	0	0	0
11	0	22	0	0	0	0
12	0	21	0	0	0	0
13	0	21	0	0	0	0
14	0	22	0	0	0	0
15	0	22	0	0	0	0
0	0	22	0	0	0	0
1	0	23	0	0	0	0
2	0	23	0	0	0	0
3	0	23	0	0	0	0
4	0	23	0	0	0	0
5	0	24	0	0	0	0
6	0	24	0	0	0	0
7	0	24	0	0	0	0
8	0	32	0	0	0	0
9	0	34	0	0	0	0
10	0	33	0	0	0	0
11	0	35	0	0	0	0
12	0	34	0	0	0	0
13	0	37	0	0	0	0
14	0	29	0	0	0	0
15	0	22	0	0	0	0
0	0	23	0	0	0	0
1	0	28	0	0	0	0
2	0	29	0	0	0	0
3	0	32	0	0	0	0
4	0	27	0	0	0	0
5	0	36	0	0	0	0
6	0	37	0	0	0	0
7	0	38	0	0	0	0
8	0	40	0	0	0	0
9	0	45	0	0	0	0
10	0	43	0	0	0	0
11	0	40	0	0	0	0
12	0	39	0	0	0	0
13	0	37	0	0	0	0
14	0	38	0	0	0	0
15	0	37	0	0	0	0
0	0	36	0	0	0	0
1	0	36	0	0	0	0
2	0	36	0	0	0	0
3	0	36	0	0	0	0
4	0	35	0	0	0	0
5	0	35	0	0	0	0
6	0	35	0	0	0	0
7	0	33	0	0	0	0
8	0	34	0	0	0	0
9	0	33	0	0	0	0
10	0	34	0	0	0	0
11	0	33	0	0	0	0
12	0	33	0	0	0	0
13	0	31	0	0	0	0
14	0	25	0	0	0	0
15	0	30	0	0	0	0
0	0	23	0	0	0	0
1	0	25	0	0	0	0
2	0	25	0	0	0	0
3	0	25	0	0	0	0
4	0	23	0	0	0	0
5	0	22	0	0	0	0
6	0	23	0	0	0	0
7	0	23	0	0	0	0
8	0	22	0	0	0	0
9	0	21	0	0	0	0
10	0	21	0	0	0	0
11	0	21	0	0	0	0
12	0	21	0	0	0	0
13	0	20	0	0	0	0
14	0	20	0	0	0	0
15	0	21	0	0	0	0
0	0	22	0	0	0	0
1	0	23	0	0	0	0
2	0	23	0	0	0	0
3	0	22	0	0	0	0
4	0	22	0	0	0	0
5	0	22	0	0	0	0
6	0	23	0	0	0	0
7	0	23	0	0	0	0
8	0	24	0	0	0	0
9	0	25	0	0	0	0
10	0	25	0	0	0	0
11	0	26	0	0	0	0
12	0	25	0	0	0	0
13	0	25	0	0	0	0
14	0	24	0	0	0	0
15	0	24	0	0	0	0
0	0	25	0	0	0	0
1	0	25	0	0	0	0
2	0	25	0	0	0	0
3	0	25	0	0	0	0
4	0	25	0	0	0	0
5	0	27	0	0	0	0
6	0	28	0	0	0	0
7	0	27	0	0	0	0
8	0	27	0	0	0	0
9	0	27	0	0	0	0
10	0	27	0	0	0	0
11	0	27	0	0	0	0
12	0	27	0	0	0	0
13	0	27	0	0	0	0
14	0	27	0	0	0	0
15	0	27	0	0	0	0
0	0	27	0	0	0	0
1	0	27	0	0	0	0
2	0	27	0	0	0	0
3	0	27	0	0	0	0
4	0	27	0	0	0	0
5	0	27	0	0	0	0
6	0	27	0	0	0	0
7	0	27	0	0	0	0
8	0	27	0	0	0	0
9	0	27	0	0	0	0
10	0	27	0	0	0	0
11	0	26	0	0	0	0
12	0	26	0	0	0	0
13	0	27	0	0	0	0
14	0	27	0	0	0	0
15	0	27	0	0	0	0
0	0	27	0	0	0	0
1	0	27	0	0	0	0
2	0	27	0	0	0	0
3	0	27	0	0	0	0
4	0	27	0	0	0	0
5	0	27	0	0	0	0
6	0	27	0	0	0	0
7	0	27	0	0	0	0
8	0	27	0	0	0	0
9	0	27	0	0	0	0
10	0	27	0	0	0	0
11	0	27	0	0	0	0
12	0	27	0	0	0	0
13	0	27	0	0	0	0
14	0	29	0	0	0	0
15	0	27	0	0	0	0
0	0	20	0	0	0	0
1	0	27	0	0	0	0
2	0	29	0	0	0	0
3	0	32	0	0	0	0
4	0	32	0	0	0	0
5	0	29	0	0	0	0
6	0	27	0	0	0	0
7	0	26	0	0	0	0
8	0	33	0	0	0	0
9	0	36	0	0	0	0
10	0	35	0	0	0	0
11	0	32	0	0	0	0
12	0	31	0	0	0	0
13	0	31	0	0	0	0
14	0	32	0	0	0	0
15	1022	28	0	0	0	0
0	1022	29	0	0	0	0
1	1022	29	0	0	0	0
2	1022	31	0	0	0	0
3	254	31	0	0	0	0
4	0	31	0	0	0	0
5	0	32	0	0	0	0
6	0	33	0	0	0	0
7	1022	35	0	0	0	0
8	1022	31	0	0	0	0
9	1022	32	0	0	0	0
10	1022	31	0	0	0	0
11	1022	31	0	0	0	0
12	889	31	0	0	0	0
13	737	31	0	0	0	0
14	649	31	0	0	0	0
15	598	32	0	0	0	0
0	567	32	0	0	0	0
1	549	32	0	0	0	0
2	538	33	0	0	0	0
3	531	31	0	0	0	0
4	527	32	0	0	0	0
5	524	32	0	0	0	0
6	521	32	0	0	0	0
7	520	32	0	0	0	0
8	519	32	0	0	0	0
9	518	33	0	0	0	0
10	518	32	0	0	0	0
11	517	30	0	0	0	0
12	516	31	0	0	0	0
13	515	32	0	0	0	0
14	288	32	0	0	0	0
15	384	32	0	0	0	0
0	1022	31	0	0	0	0
1	1022	33	0	0	0	0
2	1022	31	0	0	0	0
3	1015	31	0	0	0	0
4	0	32	0	0	0	0
5	0	32	0	0	0	0
6	0	33	0	0	0	0
7	0	33	0	0	0	0
8	1022	33	0	0	0	0
9	1022	33	0	0	0	0
10	1022	34	0	0	0	0
11	695	34	0	0	0	0
12	0	33	0	0	0	0
13	0	34	0	0	0	0
14	0	33	0	0	0	0
15	0	33	0	0	0	0
0	0	33	0	0	0	0
1	0	33	0	0	0	0
2	106	33	0	0	0	0
3	265	33	0	0	0	0
4	360	33	0	0	0	0
5	415	33	0	0	0	0
6	448	33	0	0	0	0
7	468	34	0	0	0	0
8	481	34	0	0	0	0
9	489	34	0	0	0	0
10	494	33	0	0	0	0
11	496	34	0	0	0	0
12	499	34	0	0	0	0
13	501	34	0	0	0	0
14	503	35	0	0	0	0
15	503	34	0	0	0	0
0	504	34	0	0	0	0
1	504	34	0	0	0	0
2	505	35	0	0	0	0
3	505	34	0	0	0	0
4	506	35	0	0	0	0
5	472	35	0	0	0	0
6	263	34	0	0	0	0
7	0	34	0	0	0	0
8	0	34	0	0	0	0
9	0	34	0	0	0	0
10	1022	34	0	0	0	0
11	836	35	0	0	0	0
12	0	34	0	0	0	0
13	572	34	0	0	0	0
14	0	34	0	0	0	0
15	0	34	0	0	0	0
0	0	34	0	0	0	0
1	0	34	0	0	0	0
2	0	34	0	0	0	0
3	0	34	0	0	0	0
4	0	34	0	0	0	0
5	0	34	0	0	0	0
6	0	34	0	0	0	0
7	0	34	0	0	0	0
8	0	34	0	0	0	0
9	0	34	0	0	0	0
10	0	34	0	0	0	0
11	0	34	0	0	0	0
12	0	34	0	0	0	0
13	0	34	0	0	0	0
14	0	34	0	0	0	0
15	0	34	0	0	0	0
0	0	34	0	0	0	0
1	0	34	0	0	0	0
2	0	34	0	0	0	0
3	0	34	0	0	0	0
4	0	34	0	0	0	0
5	0	34	0	0	0	0
6	0	34	0	0	0	0
7	0	34	0	0	0	0
8	0	34	0	0	0	0
9	0	34	0	0	0	0
10	0	34	0	0	0	0
11	0	34	0	0	0	0
12	0	34	0	0	0	0
13	0	34	0	0	0	0
14	0	34	0	0	0	0
15	0	34	0	0	0	0
0	0	35	0	0	0	0
1	0	34	0	0	0	0
2	0	35	0	0	0	0
3	0	35	0	0	0	0
4	0	35	0	0	0	0
5	0	44	0	0	0	0
6	0	44	0	0	0	0
7	0	35	0	0	0	0
8	0	34	0	0	0	0
9	0	34	0	0	0	0
10	0	33	0	0	0	0
11	0	34	0	0	0	0
12	0	35	0	0	0	0
13	0	35	0	0	0	0
14	0	39	0	0	0	0
15	0	40	0	0	0	0
0	0	40	0	0	0	0
1	0	41	0	0	0	0
2	0	41	0	0	0	0
3	0	41	0	0	0	0
4	0	39	0	0	0	0
5	0	39	0	0	0	0
6	0	44	0	0	0	0
7	0	44	0	0	0	0
8	0	44	0	0	0	0
9	0	45	0	0	0	0
10	0	46	0	0	0	0
11	0	45	0	0	0	0
12	0	45	0	0	0	0
13	0	45	0	0	0	0
14	0	44	0	0	0	0
15	0	44	0	0	0	0
0	0	43	0	0	0	0
1	0	43	0	0	0	0
2	0	43	0	0	0	0
3	0	43	0	0	0	0
4	0	44	0	0	0	0
5	0	44	0	0	0	0
6	0	44	0	0	0	0
7	0	44	0	0	0	0
8	0	44	0	0	0	0
9	0	44	0	0	0	0
10	0	44	0	0	0	0
11	0	44	0	0	0	0
12	0	44	0	0	0	0
13	0	44	0	0	0	0
14	0	45	0	0	0	0
15	0	44	0	0	0	0
0	0	45	0	0	0	0
1	0	44	0	0	0	0
2	0	45	0	0	0	0
3	0	45	0	0	0	0
4	0	45	0	0	0	0
5	0	45	0	0	0	0
6	0	45	0	0	0	0
7	0	45	0	0	0	0
8	0	45	0	0	0	0
9	0	45	0	0	0	0
10	0	45	0	0	0	0
11	0	45	0	0	0	0
12	0	45	0	0	0	0
13	0	45	0	0	0	0
14	0	45	0	0	0	0
15	0	45	0	0	0	0
0	0	45	0	0	0	0
1	0	45	0	0	0	0
2	0	45	0	0	0	0
3	0	45	0	0	0	0
4	0	45	0	0	0	0
5	0	45	0	0	0	0
6	0	45	0	0	0	0
7	0	45	0	0	0	0
8	0	45	0	0	0	0
9	0	45	0	0	0	0
10	0	45	0	0	0	0
11	0	45	0	0	0	0
12	0	45	0	0	0	0
13	0	45	0	0	0	0
14	0	45	0	0	0	0
15	0	45	0	0	0	0
0	0	45	0	0	0	0
1	0	45	0	0	0	0
2	0	45	0	0	0	0
3	0	46	0	0	0	0
4	0	46	0	0	0	0
5	0	46	0	0	0	0
6	0	46	0	0	0	0
7	0	46	0	0	0	0
8	0	46	0	0	0	0
9	0	46	0	0	0	0
10	0	46	0	0	0	0
11	0	46	0	0	0	0
12	0	46	0	0	0	0
13	0	46	0	0	0	0
14	0	46	0	0	0	0
15	0	46	0	0	0	0
0	0	46	0	0	0	0
1	0	47	0	0	0	0
2	0	47	0	0	0	0
3	0	47	0	0	0	0
4	0	48	0	0	0	0
5	0	49	0	0	0	0
6	0	49	0	0	0	0
7	0	49	0	0	0	0
8	0	49	0	0	0	0
9	0	50	0	0	0	0
10	0	50	0	0	0	0
11	0	50	0	0	0	0
12	0	49	0	0	0	0
13	0	49	0	0	0	0
14	0	50	0	0	0	0
15	0	50	0	0	0	0
0	0	50	0	0	0	0
1	0	49	0	0	0	0
2	0	50	0	0	0	0
3	0	49	0	0	0	0
4	0	50	0	0	0	0
5	0	49	0	0	0	0
6	0	50	0	0	0	0
7	0	49	0	0	0	0
8	0	50	0	0	0	0
9	0	50	0	0	0	0
10	0	50	0	0	0	0
11	0	50	0	0	0	0
12	0	50	0	0	0	0
13	0	50	0	0	0	0
14	0	50	0	0	0	0
15	0	50	0	0	0	0
0	0	49	0	0	0	0
1	0	50	0	0	0	0
2	0	50	0	0	0	0
3	0	50	0	0	0	0
4	0	50	0	0	0	0
5	0	50	0	0	0	0
6	0	50	0	0	0	0
7	0	50	0	0	0	0
8	0	50	0	0	0	0
9	0	50	0	0	0	0
10	0	51	0	0	0	0
11	0	50	0	0	0	0
12	0	51	0	0	0	0
13	0	50	0	0	0	0
14	0	50	0	0	0	0
15	0	50	0	0	0	0
0	0	51	0	0	0	0
1	0	50	0	0	0	0
2	0	50	0	0	0	0
3	0	51	0	0	0	0
4	0	51	0	0	0	0
5	0	51	0	0	0	0
6	0	51	0	0	0	0
7	0	51	0	0	0	0
8	0	48	0	0	0	0
9	0	46	0	0	0	0
10	0	46	0	0	0	0
11	0	47	0	0	0	0
12	0	51	0	0	0	0
13	0	58	0	0	0	0
14	0	58	0	0	0	0
15	0	50	0	0	0	0
0	0	52	0	0	0	0
1	1022	62	0	0	0	0
2	0	65	0	0	0	0
3	0	62	0	0	0	0
4	0	62	0	0	0	0
5	0	64	0	0	0	0
6	0	68	0	0	0	0
7	0	68	0	0	0	0
8	0	70	0	0	0	0
9	0	70	0	0	0	0
10	0	70	0	0	0	0
11	0	70	0	0	0	0
12	0	69	0	0	0	0
13	0	69	0	0	0	0
14	0	70	0	0	0	0
15	0	70	0	0	0	0
0	0	70	0	0	0	0
1	0	70	0	0	0	0
2	0	69	0	0	0	0
3	0	70	0	0	0	0
4	0	70	0	0	0	0
5	0	69	0	0	0	0
6	0	70	0	0	0	0
7	0	70	0	0	0	0
8	0	70	0	0	0	0
9	0	69	0	0	0	0
10	0	70	0	0	0	0
11	0	70	0	0	0	0
12	0	70	0	0	0	0
13	0	70	0	0	0	0
14	0	70	0	0	0	0
15	0	70	0	0	0	0
0	0	70	0	0	0	0
1	0	70	0	0	0	0
2	0	69	0	0	0	0
3	0	69	0	0	0	0
4	0	69	0	0	0	0
5	0	70	0	0	0	0
6	0	69	0	0	0	0
7	0	70	0	0	0	0
8	0	70	0	0	0	0
9	0	70	0	0	0	0
10	0	70	0	0	0	0
11	0	70	0	0	0	0
12	0	70	0	0	0	0
13	0	70	0	0	0	0
14	0	70	0	0	0	0
15	0	70	0	0	0	0
0	0	70	0	0	0	0
1	0	69	0	0	0	0
2	0	69	0	0	0	0
3	0	68	0	0	0	0
4	0	69	0	0	0	0
5	0	69	0	0	0	0
6	0	69	0	0	0	0
7	0	69	0	0	0	0
8	0	69	0	0	0	0
9	0	69	0	0	0	0
10	0	69	0	0	0	0
11	0	69	0	0	0	0
12	0	69	0	0	0	0
13	0	69	0	0	0	0
14	0	69	0	0	0	0
15	0	69	0	0	0	0
0	0	69	0	0	0	0
1	0	69	0	0	0	0
2	0	69	0	0	0	0
3	0	70	0	0	0	0
4	0	70	0	0	0	0
5	0	70	0	0	0	0
6	0	70	0	0	0	0
7	0	69	0	0	0	0
8	0	69	0	0	0	0
9	0	69	0	0	0	0
10	1022	70	0	0	0	0
11	1022	70	0	0	0	0
12	1022	70	0	0	0	0
13	1022	70	0	0	0	0
14	1022	70	0	0	0	0
15	1022	69	0	0	0	0
0	1022	70	0	0	0	0
1	1022	70	0	0	0	0
2	1022	69	0	0	0	0
3	0	69	0	0	0	0
4	0	68	0	0	0	0
5	0	69	0	0	0	0
6	0	68	0	0	0	0
7	0	69	0	0	0	0
8	0	68	0	0	0	0
9	0	68	0	0	0	0
10	0	68	0	0	0	0
11	0	68	0	0	0	0
12	0	68	0	0	0	0
13	0	68	0	0	0	0
14	0	68	0	0	0	0
15	0	69	0	0	0	0
0	0	69	0	0	0	0
1	0	68	0	0	0	0
2	0	69	0	0	0	0
3	0	68	0	0	0	0
4	0	69	0	0	0	0
5	0	68	0	0	0	0
6	0	69	0	0	0	0
7	0	69	0	0	0	0
8	0	69	0	0	0	0
9	0	69	0	0	0	0
10	0	69	0	0	0	0
11	0	69	0	0	0	0
12	0	68	0	0	0	0
13	0	69	0	0	0	0
14	0	68	0	0	0	0
15	0	69	0	0	0	0
0	0	69	0	0	0	0
1	0	69	0	0	0	0
2	0	69	0	0	0	0
3	0	69	0	0	0	0
4	0	69	0	0	0	0
5	0	69	0	0	0	0
6	0	69	0	0	0	0
7	1022	69	0	0	0	0
8	1022	69	0	0	0	0
9	1022	69	0	0	0	0
10	1022	69	0	0	0	0
11	1022	69	0	0	0	0
12	1022	69	0	0	0	0
13	1022	69	0	0	0	0
14	1022	69	0	0	0	0
15	0	68	0	0	0	0
0	0	68	0	0	0	0
1	0	68	0	0	0	0
2	0	69	0	0	0	0
3	0	69	0	0	0	0
4	0	69	0	0	0	0
5	0	69	0	0	0	0
6	0	68	0	0	0	0
7	0	68	0	0	0	0
8	0	68	0	0	0	0
9	0	68	0	0	0	0
10	0	68	0	0	0	0
11	0	68	0	0	0	0
12	0	68	0	0	0	0
13	1022	69	0	0	0	0
14	0	68	0	0	0	0
15	0	68	0	0	0	0
0	0	68	0	0	0	0
1	0	68	0	0	0	0
2	0	68	0	0	0	0
3	0	68	0	0	0	0
4	0	68	0	0	0	0
5	0	68	0	0	0	0
6	0	68	0	0	0	0
7	0	69	0	0	0	0
8	0	69	0	0	0	0
9	0	70	0	0	0	0
10	0	71	0	0	0	0
11	101	71	0	0	0	0
12	266	71	0	0	0	0
13	363	71	0	0	0	0
14	419	71	0	0	0	0
15	0	70	0	0	0	0
0	1022	71	0	0	0	0
1	1022	70	0	0	0	0
2	1022	71	0	0	0	0
3	1022	71	0	0	0	0
4	1022	71	0	0	0	0
5	0	70	0	0	0	0
6	0	70	0	0	0	0
7	263	70	0	0	0	0
8	0	70	0	0	0	0
9	0	70	0	0	0	0
10	0	70	0	0	0	0
11	0	70	0	0	0	0
12	0	70	0	0	0	0
13	0	70	0	0	0	0
14	0	70	0	0	0	0
15	0	70	0	0	0	0
0	0	70	0	0	0	0
1	0	70	0	0	0	0
2	0	70	0	0	0	0
3	554	71	0	0	0	0
4	720	71	0	0	0	0
5	996	71	0	0	0	0
6	0	70	0	0	0	0
7	0	70	0	0	0	0
8	0	70	0	0	0	0
9	0	70	0	0	0	0
10	0	70	0	0	0	0
11	0	70	0	0	0	0
12	0	70	0	0	0	0
13	0	70	0	0	0	0
14	73	70	0	0	0	0
15	251	70	0	0	0	0
0	355	70	0	0	0	0
1	410	70	0	0	0	0
2	0	70	0	0	0	0
3	0	70	0	0	0	0
4	0	70	0	0	0	0
5	211	70	0	0	0	0
6	342	70	0	0	0	0
7	412	70	0	0	0	0
8	451	70	0	0	0	0
9	0	69	0	0	0	0
10	0	70	0	0	0	0
11	0	70	0	0	0	0
12	0	69	0	0	0	0
13	0	70	0	0	0	0
14	0	69	0	0	0	0
15	0	69	0	0	0	0
0	0	69	0	0	0	0
1	0	70	0	0	0	0
2	0	69	0	0	0	0
3	0	69	0	0	0	0
4	0	69	0	0	0	0
5	0	69	0	0	0	0
6	0	70	0	0	0	0
7	290	70	0	0	0	0
8	0	69	0	0	0	0
9	0	69	0	0	0	0
10	0	70	0	0	0	0
11	0	69	0	0	0	0
12	0	70	0	0	0	0
13	0	70	0	0	0	0
14	0	70	0	0	0	0
15	0	70	0	0	0	0
0	0	70	0	0	0	0
1	0	70	0	0	0	0
2	0	70	0	0	0	0
3	0	70	0	0	0	0
4	0	69	0	0	0	0
5	0	70	0	0	0	0
6	0	69	0	0	0	0
7	0	70	0	0	0	0
8	0	70	0	0	0	0
9	0	70	0	0	0	0
10	0	70	0	0	0	0
11	1022	70	0	0	0	0
12	1022	70	0	0	0	0
13	1022	70	0	0	0	0
14	1022	71	0	0	0	0
15	1022	70	0	0	0	0
0	1022	71	0	0	0	0
1	849	70	0	0	0	0
2	691	70	0	0	0	0
3	73	70	0	0	0	0
4	0	70	0	0	0	0
5	876	70	0	0	0	0
6	884	71	0	0	0	0
7	0	70	0	0	0	0
8	1022	71	0	0	0	0
9	266	70	0	0	0	0
10	0	70	0	0	0	0
11	0	70	0	0	0	0
12	0	70	0	0	0	0
13	49	70	0	0	0	0
14	0	70	0	0	0	0
15	0	70	0	0	0	0
0	0	70	0	0	0	0
1	1022	70	0	0	0	0
2	1022	70	0	0	0	0
3	1022	70	0	0	0	0
4	1022	70	0	0	0	0
5	1022	70	0	0	0	0
6	1022	70	0	0	0	0
7	1022	70	0	0	0	0
8	1022	70	0	0	0	0
9	1022	70	0	0	0	0
10	1022	70	0	0	0	0
11	1022	70	0	0	0	0
12	1022	70	0	0	0	0
13	1022	70	0	0	0	0
14	0	69	0	0	0	0
15	0	69	0	0	0	0
0	0	69	0	0	0	0
1	0	69	0	0	0	0
2	0	69	0	0	0	0
3	0	70	0	0	0	0
4	0	69	0	0	0	0
5	0	69	0	0	0	0
6	0	70	0	0	0	0
7	0	70	0	0	0	0
8	0	70	0	0	0	0
9	0	70	0	0	0	0
10	0	70	0	0	0	0
11	0	70	0	0	0	0
12	0	70	0	0	0	0
13	0	70	0	0	0	0
14	0	70	0	0	0	0
15	0	70	0	0	0	0
0	1022	71	0	0	0	0
1	1022	70	0	0	0	0
2	1023	71	0	0	0	0
3	1022	71	0	0	0	0
4	1022	71	0	0	0	0
5	0	70	0	0	0	0
6	1023	70	0	0	0	0
7	1022	71	0	0	0	0
8	1023	70	0	0	0	0
9	1022	71	0	0	0	0
10	1023	71	0	0	0	0
11	1023	70	0	0	0	0
12	1022	70	0	0	0	0
13	1022	71	0	0	0	0
14	1023	70	0	0	0	0
15	1022	70	0	0	0	0
0	1023	70	0	0	0	0
1	1022	71	0	0	0	0
2	118	70	0	0	0	0
3	0	70	0	0	0	0
4	1023	71	0	0	0	0
5	130	70	0	0	0	0
6	0	70	0	0	0	0
7	0	69	0	0	0	0
8	0	70	0	0	0	0
9	0	70	0	0	0	0
10	92	70	0	0	0	0
11	237	70	0	0	0	0
12	371	70	0	0	0	0
13	933	71	0	0	0	0
14	258	70	0	0	0	0
15	0	70	0	0	0	0
0	0	70	0	0	0	0
1	1023	71	0	0	0	0
2	1023	70	0	0	0	0
3	1023	71	0	0	0	0
4	1022	70	0	0	0	0
5	225	70	0	0	0	0
6	167	70	0	0	0	0
7	263	70	0	0	0	0
8	117	70	0	0	0	0
9	0	70	0	0	0	0
10	1022	71	0	0	0	0
11	1023	71	0	0	0	0
12	0	71	0	0	0	0
13	0	71	0	0	0	0
14	0	71	0	0	0	0
15	0	70	0	0	0	0
0	1023	70	0	0	0	0
1	1023	70	0	0	0	0
2	0	69	0	0	0	0
3	0	69	0	0	0	0
4	0	69	0	0	0	0
5	491	70	0	0	0	0
6	0	69	0	0	0	0
7	0	69	0	0	0	0
8	0	69	0	0	0	0
9	0	69	0	0	0	0
10	0	69	0	0	0	0
11	1023	70	0	0	0	0
12	1023	70	0	0	0	0
13	1022	72	0	0	0	0
14	1023	71	0	0	0	0
15	1022	72	0	0	0	0
0	1022	72	0	0	0	0
1	1022	71	0	0	0	0
2	1022	71	0	0	0	0
3	1022	71	0	0	0	0
4	1022	71	0	0	0	0
5	1022	71	0	0	0	0
6	0	71	0	0	0	0
7	0	70	0	0	0	0
8	0	71	0	0	0	0
9	0	70	0	0	0	0
10	1022	71	0	0	0	0
11	1022	71	0	0	0	0
12	1022	71	0	0	0	0
13	0	71	0	0	0	0
14	0	71	0	0	0	0
15	0	71	0	0	0	0
0	0	70	0	0	0	0
1	0	70	0	0	0	0
2	149	71	0	0	0	0
3	295	71	0	0	0	0
4	379	71	0	0	0	0
5	428	71	0	0	0	0
6	457	71	0	0	0	0
7	475	71	0	0	0	0
8	0	71	0	0	0	0
9	0	71	0	0	0	0
10	572	71	0	0	0	0
11	1022	71	0	0	0	0
12	1022	71	0	0	0	0
13	1022	71	0	0	0	0
14	1022	71	0	0	0	0
15	1022	71	0	0	0	0
0	1022	71	0	0	0	0
1	1022	71	0	0	0	0
2	1022	71	0	0	0	0
3	1018	71	0	0	0	0
4	666	71	0	0	0	0
5	1022	71	0	0	0	0
6	1022	71	0	0	0	0
7	1022	71	0	0	0	0
8	1022	71	0	0	0	0
9	900	71	0	0	0	0
10	745	71	0	0	0	0
11	654	71	0	0	0	0
12	600	71	0	0	0	0
13	0	71	0	0	0	0
14	0	71	0	0	0	0
15	0	71	0	0	0	0
0	0	71	0	0	0	0
1	0	70	0	0	0	0
2	1022	71	0	0	0	0
3	1019	71	0	0	0	0
4	1022	71	0	0	0	0
5	0	70	0	0	0	0
6	0	70	0	0	0	0
7	0	70	0	0	0	0
8	0	70	0	0	0	0
9	0	70	0	0	0	0
10	0	70	0	0	0	0
11	0	70	0	0	0	0
12	0	70	0	0	0	0
13	0	70	0	0	0	0
14	0	71	0	0	0	0
15	0	71	0	0	0	0
0	1022	71	0	0	0	0
1	0	71	0	0	0	0
2	0	70	0	0	0	0
3	0	71	0	0	0	0
4	0	71	0	0	0	0
5	1022	72	0	0	0	0
6	1022	72	0	0	0	0
7	0	71	0	0	0	0
8	0	72	0	0	0	0
9	0	72	0	0	0	0
10	0	72	0	0	0	0
11	1022	73	0	0	0	0
12	1022	73	0	0	0	0
13	0	72	0	0	0	0
14	1022	73	0	0	0	0
15	0	72	0	0	0	0
0	1009	72	0	0	0	0
1	143	71	0	0	0	0
2	344	71	0	0	0	0
3	0	71	0	0	0	0
4	0	70	0	0	0	0
5	1022	71	0	0	0	0
6	1022	71	0	0	0	0
7	1022	70	0	0	0	0
8	1022	71	0	0	0	0
9	1023	71	0	0	0	0
10	690	70	0	0	0	0
11	1022	70	0	0	0	0
12	270	70	0	0	0	0
13	1022	71	0	0	0	0
14	1022	71	0	0	0	0
15	1022	70	0	0	0	0
0	1022	69	0	0	0	0
1	699	69	0	0	0	0
2	1022	69	0	0	0	0
3	1022	68	0	0	0	0
4	1022	71	0	0	0	0
5	0	72	0	0	0	0
6	0	71	0	0	0	0
7	1022	71	0	0	0	0
8	1022	71	0	0	0	0
9	1022	71	0	0	0	0
10	1022	71	0	0	0	0
11	1022	71	0	0	0	0
12	1022	71	0	0	0	0
13	1022	71	0	0	0	0
14	1022	71	0	0	0	0
15	0	71	0	0	0	0
0	0	70	0	0	0	0
1	0	71	0	0	0	0
2	0	69	0	0	0	0
3	1022	67	0	0	0	0
4	1022	67	0	0	0	0
5	1022	67	0	0	0	0
6	1022	66	0	0	0	0
7	1022	66	0	0	0	0
8	1022	65	0	0	0	0
9	1022	62	0	0	0	0
10	0	62	0	0	0	0
11	1022	63	0	0	0	0
12	1022	64	0	0	0	0
13	0	63	0	0	0	0
14	0	63	0	0	0	0
15	0	63	0	0	0	0
0	1022	65	0	0	0	0
1	1022	66	0	0	0	0
2	1022	65	0	0	0	0
3	0	65	0	0	0	0
4	0	65	0	0	0	0
5	0	65	0	0	0	0
6	0	64	0	0	0	0
7	0	65	0	0	0	0
8	0	64	0	0	0	0
9	0	65	0	0	0	0
10	0	65	0	0	0	0
11	0	66	0	0	0	0
12	0	66	0	0	0	0
13	0	66	0	0	0	0
14	0	65	0	0	0	0
15	0	65	0	0	0	0
0	0	65	0	0	0	0
1	0	65	0	0	0	0
2	0	65	0	0	0	0
3	0	65	0	0	0	0
4	0	66	0	0	0	0
5	0	65	0	0	0	0
6	0	65	0	0	0	0
7	0	65	0	0	0	0
8	0	66	0	0	0	0
9	0	66	0	0	0	0
10	638	67	0	0	0	0
11	1022	67	0	0	0	0
12	1022	67	0	0	0	0
13	0	67	0	0	0	0
14	0	67	0	0	0	0
15	0	67	0	0	0	0
0	0	66	0	0	0	0
1	0	67	0	0	0	0
2	40	65	0	0	0	0
3	1022	66	0	0	0	0
4	1022	66	0	0	0	0
5	1022	66	0	0	0	0
6	1022	65	0	0	0	0
7	1022	65	0	0	0	0
8	1022	66	0	0	0	0
9	1022	65	0	0	0	0
10	1022	66	0	0	0	0
11	1022	65	0	0	0	0
12	1022	65	0	0	0	0
13	1022	63	0	0	0	0
14	1022	64	0	0	0	0
15	1022	65	0	0	0	0
0	1022	65	0	0	0	0
1	600	64	0	0	0	0
2	0	64	0	0	0	0
3	0	64	0	0	0	0
4	0	64	0	0	0	0
5	0	64	0	0	0	0
6	0	63	0	0	0	0
7	0	64	0	0	0	0
8	0	63	0	0	0	0
9	0	63	0	0	0	0
10	0	62	0	0	0	0
11	0	63	0	0	0	0
12	0	63	0	0	0	0
13	0	63	0	0	0	0
14	0	63	0	0	0	0
15	0	62	0	0	0	0
0	0	62	0	0	0	0
1	0	62	0	0	0	0
2	0	63	0	0	0	0
3	0	62	0	0	0	0
4	0	63	0	0	0	0
5	0	63	0	0	0	0
6	0	63	0	0	0	0
7	0	63	0	0	0	0
8	0	63	0	0	0	0
9	0	63	0	0	0	0
10	0	63	0	0	0	0
11	0	63	0	0	0	0
12	0	63	0	0	0	0
13	0	65	0	0	0	0
14	0	65	0	0	0	0
15	0	65	0	0	0	0
0	0	65	0	0	0	0
1	0	65	0	0	0	0
2	0	65	0	0	0	0
3	0	65	0	0	0	0
4	0	65	0	0	0	0
5	0	66	0	0	0	0
6	0	66	0	0	0	0
7	0	65	0	0	0	0
8	0	65	0	0	0	0
9	0	65	0	0	0	0
10	0	65	0	0	0	0
11	0	65	0	0	0	0
12	0	65	0	0	0	0
13	0	65	0	0	0	0
14	0	65	0	0	0	0
15	0	65	0	0	0	0
0	0	65	0	0	0	0
1	0	65	0	0	0	0
2	0	66	0	0	0	0
3	0	66	0	0	0	0
4	0	65	0	0	0	0
5	0	66	0	0	0	0
6	0	65	0	0	0	0
7	0	67	0	0	0	0
8	0	67	0	0	0	0
9	0	67	0	0	0	0
10	0	65	0	0	0	0
11	0	69	0	0	0	0
12	0	66	0	0	0	0
13	0	66	0	0	0	0
14	0	66	0	0	0	0
15	0	66	0	0	0	0

