0	512	173	0	0	0	0
1	511	173	0	0	0	0
2	511	173	0	0	0	0
3	512	172	0	0	0	0
4	512	172	0	0	0	0
5	512	172	0	0	0	0
6	511	172	0	0	0	0
7	511	172	0	0	0	0
8	512	171	0	0	0	0
9	511	172	0	0	0	0
10	512	171	0	0	0	0
11	508	171	0	0	0	0
12	510	171	0	0	0	0
13	511	170	0	0	0	0
14	510	171	0	0	0	0
15	512	170	0	0	0	0
0	512	170	0	0	0	0
1	511	170	0	0	0	0
2	513	170	0	0	0	0
3	512	169	0	0	0	0
4	511	169	0	0	0	0
5	511	169	0	0	0	0
6	510	169	0	0	0	0
7	511	169	0	0	0	0
8	510	169	0	0	0	0
9	511	169	0	0	0	0
10	512	169	0	0	0	0
11	512	169	0	0	0	0
12	513	169	0	0	0	0
13	509	169	0	0	0	0
14	508	169	0	0	0	0
15	511	169	0	0	0	0
0	509	169	0	0	0	0
1	511	169	0	0	0	0
2	513	170	0	0	0	0
3	511	170	0	0	0	0
4	510	170	0	0	0	0
5	512	170	0	0	0	0
6	511	170	0	0	0	0
7	512	171	0	0	0	0
8	511	171	0	0	0	0
9	512	171	0	0	0	0
10	512	172	0	0	0	0
11	512	172	0	0	0	0
12	513	172	0	0	0	0
13	513	172	0	0	0	0
14	514	173	0	0	0	0
15	510	173	0	0	0	0
0	511	174	0	0	0	0
1	509	174	0	0	0	0
2	510	174	0	0	0	0
3	512	175	0	0	0	0
4	508	175	0	0	0	0
5	510	175	0	0	0	0
6	509	175	0	0	0	0
7	511	176	0	0	0	0
8	509	176	0	0	0	0
9	510	176	0	0	0	0
10	512	177	0	0	0	0
11	510	177	0	0	0	0
12	510	177	0	0	0	0
13	513	178	0	0	0	0
14	511	178	0	0	0	0
15	512	179	0	0	0	0
0	511	179	0	0	0	0
1	512	179	0	0	0	0
2	508	180	0	0	0	0
3	512	180	0	0	0	0
4	513	181	0	0	0	0
5	511	181	0	0	0	0
6	511	181	0	0	0	0
7	512	181	0	0	0	0
8	511	182	0	0	0	0
9	512	182	0	0	0	0
10	511	182	0	0	0	0
11	511	183	0	0	0	0
12	513	183	0	0	0	0
13	509	184	0	0	0	0
14	513	184	0	0	0	0
15	513	184	0	0	0	0
0	510	184	0	0	0	0
1	511	185	0	0	0	0
2	511	185	0	0	0	0
3	512	185	0	0	0	0
4	512	186	0	0	0	0
5	512	187	0	0	0	0
6	512	187	0	0	0	0
7	512	187	0	0	0	0
8	511	188	0	0	0	0
9	511	188	0	0	0	0
10	510	189	0	0	0	0
11	509	189	0	0	0	0
12	511	190	0	0	0	0
13	513	190	0	0	0	0
14	511	191	0	0	0	0
15	514	191	0	0	0	0
0	512	191	0	0	0	0
1	511	192	0	0	0	0
2	511	192	0	0	0	0
3	512	192	0	0	0	0
4	511	192	0	0	0	0
5	510	193	0	0	0	0
6	511	193	0	0	0	0
7	511	193	0	0	0	0
8	508	194	0	0	0	0
9	511	194	0	0	0	0
10	512	194	0	0	0	0
11	510	195	0	0	0	0
12	511	195	0	0	0	0
13	511	195	0	0	0	0
14	512	195	0	0	0	0
15	510	195	0	0	0	0
0	508	196	0	0	0	0
1	508	195	0	0	0	0
2	509	196	0	0	0	0
3	513	196	0	0	0	0
4	515	196	0	0	0	0
5	510	197	0	0	0	0
6	510	197	0	0	0	0
7	511	198	0	0	0	0
8	511	198	0	0	0	0
9	512	198	0	0	0	0
10	511	198	0	0	0	0
11	513	199	0	0	0	0
12	512	199	0	0	0	0
13	511	199	0	0	0	0
14	511	199	0	0	0	0
15	513	199	0	0	0	0
0	513	199	0	0	0	0
1	510	200	0	0	0	0
2	509	200	0	0	0	0
3	514	200	0	0	0	0
4	513	200	0	0	0	0
5	511	200	0	0	0	0
6	510	200	0	0	0	0
7	511	200	0	0	0	0
8	509	201	0	0	0	0
9	512	200	0	0	0	0
10	512	201	0	0	0	0
11	510	200	0	0	0	0
12	508	201	0	0	0	0
13	512	201	0	0	0	0
14	513	200	0	0	0	0
15	512	201	0	0	0	0
0	510	200	0	0	0	0
1	510	201	0	0	0	0
2	513	200	0	0	0	0
3	508	201	0	0	0	0
4	515	200	0	0	0	0
5	513	201	0	0	0	0
6	512	200	0	0	0	0
7	511	200	0	0	0	0
8	512	200	0	0	0	0
9	508	200	0	0	0	0
10	512	200	0	0	0	0
11	508	200	0	0	0	0
12	512	200	0	0	0	0
13	511	200	0	0	0	0
14	511	200	0	0	0	0
15	511	199	0	0	0	0
0	511	199	0	0	0	0
1	513	199	0	0	0	0
2	512	199	0	0	0	0
3	512	199	0	0	0	0
4	510	199	0	0	0	0
5	514	199	0	0	0	0
6	510	198	0	0	0	0
7	512	198	0	0	0	0
8	510	198	0	0	0	0
9	513	198	0	0	0	0
10	510	197	0	0	0	0
11	510	197	0	0	0	0
12	513	196	0	0	0	0
13	513	196	0	0	0	0
14	511	196	0	0	0	0
15	509	196	0	0	0	0
0	512	195	0	0	0	0
1	512	195	0	0	0	0
2	512	195	0	0	0	0
3	509	194	0	0	0	0
4	512	194	0	0	0	0
5	511	193	0	0	0	0
6	512	193	0	0	0	0
7	513	193	0	0	0	0
8	510	193	0	0	0	0
9	512	192	0	0	0	0
10	512	192	0	0	0	0
11	509	191	0	0	0	0
12	512	190	0	0	0	0
13	511	189	0	0	0	0
14	511	187	0	0	0	0
15	512	186	0	0	0	0
0	510	186	0	0	0	0
1	510	185	0	0	0	0
2	510	184	0	0	0	0
3	515	184	0	0	0	0
4	510	183	0	0	0	0
5	513	183	0	0	0	0
6	509	183	0	0	0	0
7	511	182	0	0	0	0
8	512	181	0	0	0	0
9	511	181	0	0	0	0
10	510	180	0	0	0	0
11	510	180	0	0	0	0
12	512	179	0	0	0	0
13	513	178	0	0	0	0
14	511	178	0	0	0	0
15	511	177	0	0	0	0
0	513	177	0	0	0	0
1	512	176	0	0	0	0
2	511	176	0	0	0	0
3	510	175	0	0	0	0
4	512	174	0	0	0	0
5	510	174	0	0	0	0
6	513	174	0	0	0	0
7	510	173	0	0	0	0
8	514	172	0	0	0	0
9	515	172	0	0	0	0
10	511	172	0	0	0	0
11	514	172	0	0	0	0
12	511	171	0	0	0	0
13	511	171	0	0	0	0
14	510	170	0	0	0	0
15	513	170	0	0	0	0
0	513	170	0	0	0	0
1	509	169	0	0	0	0
2	516	169	0	0	0	0
3	512	169	0	0	0	0
4	508	169	0	0	0	0
5	511	169	0	0	0	0
6	512	168	0	0	0	0
7	512	168	0	0	0	0
8	513	168	0	0	0	0
9	511	168	0	0	0	0
10	513	168	0	0	0	0
11	511	168	0	0	0	0
12	512	168	0	0	0	0
13	512	168	0	0	0	0
14	509	168	0	0	0	0
15	511	169	0	0	0	0
0	510	169	0	0	0	0
1	514	169	0	0	0	0
2	512	169	0	0	0	0
3	512	170	0	0	0	0
4	514	170	0	0	0	0
5	509	170	0	0	0	0
6	512	171	0	0	0	0
7	513	171	0	0	0	0
8	513	171	0	0	0	0
9	513	172	0	0	0	0
10	512	172	0	0	0	0
11	512	172	0	0	0	0
12	513	173	0	0	0	0
13	512	173	0	0	0	0
14	512	174	0	0	0	0
15	511	174	0	0	0	0
0	512	175	0	0	0	0
1	511	175	0	0	0	0
2	512	176	0	0	0	0
3	512	176	0	0	0	0
4	510	177	0	0	0	0
5	515	178	0	0	0	0
6	512	178	0	0	0	0
7	513	179	0	0	0	0
8	510	179	0	0	0	0
9	512	180	0	0	0	0
10	510	181	0	0	0	0
11	513	182	0	0	0	0
12	509	182	0	0	0	0
13	510	183	0	0	0	0
14	511	184	0	0	0	0
15	511	185	0	0	0	0
0	515	185	0	0	0	0
1	510	186	0	0	0	0
2	511	187	0	0	0	0
3	510	187	0	0	0	0
4	514	188	0	0	0	0
5	512	188	0	0	0	0
6	511	190	0	0	0	0
7	510	190	0	0	0	0
8	513	191	0	0	0	0
9	512	191	0	0	0	0
10	511	192	0	0	0	0
11	514	192	0	0	0	0
12	511	192	0	0	0	0
13	511	193	0	0	0	0
14	512	194	0	0	0	0
15	511	195	0	0	0	0
0	509	195	0	0	0	0
1	513	195	0	0	0	0
2	512	195	0	0	0	0
3	513	196	0	0	0	0
4	509	196	0	0	0	0
5	512	197	0	0	0	0
6	511	197	0	0	0	0
7	510	198	0	0	0	0
8	515	198	0	0	0	0
9	508	198	0	0	0	0
10	514	198	0	0	0	0
11	512	198	0	0	0	0
12	507	199	0	0	0	0
13	508	199	0	0	0	0
14	515	199	0	0	0	0
15	515	199	0	0	0	0
0	512	199	0	0	0	0
1	512	199	0	0	0	0
2	511	199	0	0	0	0
3	511	199	0	0	0	0
4	510	199	0	0	0	0
5	509	199	0	0	0	0
6	512	199	0	0	0	0
7	511	199	0	0	0	0
8	512	199	0	0	0	0
9	511	200	0	0	0	0
10	508	199	0	0	0	0
11	512	200	0	0	0	0
12	509	199	0	0	0	0
13	512	200	0	0	0	0
14	512	199	0	0	0	0
15	511	200	0	0	0	0
0	512	200	0	0	0	0
1	511	199	0	0	0	0
2	511	199	0	0	0	0
3	512	199	0	0	0	0
4	512	199	0	0	0	0
5	514	199	0	0	0	0
6	509	197	0	0	0	0
7	515	198	0	0	0	0
8	511	198	0	0	0	0
9	510	199	0	0	0	0
10	514	199	0	0	0	0
11	511	199	0	0	0	0
12	510	199	0	0	0	0
13	511	199	0	0	0	0
14	512	198	0	0	0	0
15	511	198	0	0	0	0
0	511	198	0	0	0	0
1	514	198	0	0	0	0
2	512	197	0	0	0	0
3	514	197	0	0	0	0
4	512	196	0	0	0	0
5	511	196	0	0	0	0
6	513	195	0	0	0	0
7	510	195	0	0	0	0
8	511	194	0	0	0	0
9	512	193	0	0	0	0
10	515	193	0	0	0	0
11	508	192	0	0	0	0
12	511	192	0	0	0	0
13	509	191	0	0	0	0
14	513	191	0	0	0	0
15	511	189	0	0	0	0
0	512	189	0	0	0	0
1	512	188	0	0	0	0
2	511	187	0	0	0	0
3	514	186	0	0	0	0
4	512	185	0	0	0	0
5	511	185	0	0	0	0
6	512	184	0	0	0	0
7	512	184	0	0	0	0
8	512	183	0	0	0	0
9	510	182	0	0	0	0
10	512	181	0	0	0	0
11	512	181	0	0	0	0
12	511	180	0	0	0	0
13	512	179	0	0	0	0
14	512	179	0	0	0	0
15	515	178	0	0	0	0
0	515	178	0	0	0	0
1	512	177	0	0	0	0
2	507	177	0	0	0	0
3	511	176	0	0	0	0
4	513	176	0	0	0	0
5	512	175	0	0	0	0
6	513	175	0	0	0	0
7	509	174	0	0	0	0
8	511	174	0	0	0	0
9	509	173	0	0	0	0
10	508	173	0	0	0	0
11	510	173	0	0	0	0
12	513	172	0	0	0	0
13	515	172	0	0	0	0
14	512	172	0	0	0	0
15	510	172	0	0	0	0
0	514	171	0	0	0	0
1	510	171	0	0	0	0
2	510	171	0	0	0	0
3	513	171	0	0	0	0
4	511	170	0	0	0	0
5	516	170	0	0	0	0
6	511	170	0	0	0	0
7	510	169	0	0	0	0
8	511	169	0	0	0	0
9	513	169	0	0	0	0
10	512	169	0	0	0	0
11	510	169	0	0	0	0
12	512	169	0	0	0	0
13	512	169	0	0	0	0
14	512	169	0	0	0	0
15	512	169	0	0	0	0
0	511	169	0	0	0	0
1	511	169	0	0	0	0
2	515	169	0	0	0	0
3	508	169	0	0	0	0
4	510	169	0	0	0	0
5	512	169	0	0	0	0
6	511	169	0	0	0	0
7	511	170	0	0	0	0
8	508	170	0	0	0	0
9	511	170	0	0	0	0
10	511	170	0	0	0	0
11	511	171	0	0	0	0
12	512	171	0	0	0	0
13	513	171	0	0	0	0
14	512	171	0	0	0	0
15	512	172	0	0	0	0
0	508	172	0	0	0	0
1	512	172	0	0	0	0
2	510	173	0	0	0	0
3	512	173	0	0	0	0
4	512	174	0	0	0	0
5	512	174	0	0	0	0
6	511	175	0	0	0	0
7	514	175	0	0	0	0
8	509	175	0	0	0	0
9	514	175	0	0	0	0
10	514	176	0	0	0	0
11	511	176	0	0	0	0
12	512	177	0	0	0	0
13	511	177	0	0	0	0
14	511	178	0	0	0	0
15	508	179	0	0	0	0
0	511	179	0	0	0	0
1	512	179	0	0	0	0
2	508	180	0	0	0	0
3	515	180	0	0	0	0
4	512	181	0	0	0	0
5	514	182	0	0	0	0
6	514	182	0	0	0	0
7	511	183	0	0	0	0
8	508	184	0	0	0	0
9	515	184	0	0	0	0
10	511	185	0	0	0	0
11	511	185	0	0	0	0
12	513	186	0	0	0	0
13	511	187	0	0	0	0
14	510	187	0	0	0	0
15	509	188	0	0	0	0
0	512	188	0	0	0	0
1	513	189	0	0	0	0
2	509	190	0	0	0	0
3	512	190	0	0	0	0
4	511	191	0	0	0	0
5	512	191	0	0	0	0
6	509	192	0	0	0	0
7	514	192	0	0	0	0
8	512	192	0	0	0	0
9	512	193	0	0	0	0
10	510	193	0	0	0	0
11	508	194	0	0	0	0
12	512	195	0	0	0	0
13	512	195	0	0	0	0
14	512	195	0	0	0	0
15	510	195	0	0	0	0
0	513	196	0	0	0	0
1	509	196	0	0	0	0
2	509	197	0	0	0	0
3	511	197	0	0	0	0
4	512	198	0	0	0	0
5	511	198	0	0	0	0
6	508	199	0	0	0	0
7	512	199	0	0	0	0
8	511	199	0	0	0	0
9	512	199	0	0	0	0
10	510	199	0	0	0	0
11	511	200	0	0	0	0
12	510	200	0	0	0	0
13	512	200	0	0	0	0
14	511	200	0	0	0	0
15	510	201	0	0	0	0
0	510	200	0	0	0	0
1	512	201	0	0	0	0
2	512	201	0	0	0	0
3	512	201	0	0	0	0
4	509	201	0	0	0	0
5	513	201	0	0	0	0
6	511	201	0	0	0	0
7	511	201	0	0	0	0
8	509	201	0	0	0	0
9	512	201	0	0	0	0
10	510	201	0	0	0	0
11	511	201	0	0	0	0
12	508	201	0	0	0	0
13	512	201	0	0	0	0
14	513	201	0	0	0	0
15	512	201	0	0	0	0
0	512	201	0	0	0	0
1	513	201	0	0	0	0
2	509	201	0	0	0	0
3	512	201	0	0	0	0
4	511	200	0	0	0	0
5	511	201	0	0	0	0
6	510	200	0	0	0	0
7	515	200	0	0	0	0
8	512	199	0	0	0	0
9	509	199	0	0	0	0
10	511	199	0	0	0	0
11	513	199	0	0	0	0
12	511	199	0	0	0	0
13	512	198	0	0	0	0
14	515	198	0	0	0	0
15	512	197	0	0	0	0
0	510	197	0	0	0	0
1	512	196	0	0	0	0
2	512	196	0	0	0	0
3	509	195	0	0	0	0
4	512	195	0	0	0	0
5	512	195	0	0	0	0
6	513	194	0	0	0	0
7	511	194	0	0	0	0
8	512	193	0	0	0	0
9	510	193	0	0	0	0
10	512	192	0	0	0	0
11	512	192	0	0	0	0
12	512	191	0	0	0	0
13	510	191	0	0	0	0
14	515	191	0	0	0	0
15	508	191	0	0	0	0
0	510	190	0	0	0	0
1	515	189	0	0	0	0
2	508	188	0	0	0	0
3	510	188	0	0	0	0
4	510	187	0	0	0	0
5	511	186	0	0	0	0
6	509	185	0	0	0	0
7	512	184	0	0	0	0
8	511	184	0	0	0	0
9	512	183	0	0	0	0
10	512	182	0	0	0	0
11	509	181	0	0	0	0
12	510	181	0	0	0	0
13	512	179	0	0	0	0
14	512	179	0	0	0	0
15	510	178	0	0	0	0
0	511	178	0	0	0	0
1	511	177	0	0	0	0
2	512	176	0	0	0	0
3	508	176	0	0	0	0
4	513	175	0	0	0	0
5	512	175	0	0	0	0
6	513	174	0	0	0	0
7	513	174	0	0	0	0
8	509	174	0	0	0	0
9	511	174	0	0	0	0
10	511	173	0	0	0	0
11	508	173	0	0	0	0
12	511	172	0	0	0	0
13	513	172	0	0	0	0
14	512	172	0	0	0	0
15	509	171	0	0	0	0
0	511	170	0	0	0	0
1	511	168	0	0	0	0
2	512	166	0	0	0	0
3	513	163	0	0	0	0
4	509	163	0	0	0	0
5	511	163	0	0	0	0
6	512	165	0	0	0	0
7	510	167	0	0	0	0
8	513	168	0	0	0	0
9	514	169	0	0	0	0
10	513	169	0	0	0	0
11	512	170	0	0	0	0
12	513	169	0	0	0	0
13	514	170	0	0	0	0
14	512	170	0	0	0	0
15	509	170	0	0	0	0
0	512	170	0	0	0	0
1	512	170	0	0	0	0
2	512	170	0	0	0	0
3	516	171	0	0	0	0
4	512	171	0	0	0	0
5	512	171	0	0	0	0
6	510	172	0	0	0	0
7	508	172	0	0	0	0
8	510	172	0	0	0	0
9	510	172	0	0	0	0
10	508	173	0	0	0	0
11	512	173	0	0	0	0
12	508	174	0	0	0	0
13	511	174	0	0	0	0
14	513	174	0	0	0	0
15	511	174	0	0	0	0
0	512	175	0	0	0	0
1	512	175	0	0	0	0
2	512	176	0	0	0	0
3	508	176	0	0	0	0
4	510	176	0	0	0	0
5	511	177	0	0	0	0
6	509	177	0	0	0	0
7	511	177	0	0	0	0
8	511	177	0	0	0	0
9	509	179	0	0	0	0
10	509	179	0	0	0	0
11	512	180	0	0	0	0
12	515	181	0	0	0	0
13	514	181	0	0	0	0
14	513	182	0	0	0	0
15	510	183	0	0	0	0
0	512	184	0	0	0	0
1	510	184	0	0	0	0
2	508	186	0	0	0	0
3	511	186	0	0	0	0
4	510	187	0	0	0	0
5	511	188	0	0	0	0
6	512	188	0	0	0	0
7	512	189	0	0	0	0
8	511	190	0	0	0	0
9	513	191	0	0	0	0
10	512	191	0	0	0	0
11	511	192	0	0	0	0
12	509	192	0	0	0	0
13	512	193	0	0	0	0
14	510	194	0	0	0	0
15	508	194	0	0	0	0
0	510	195	0	0	0	0
1	511	195	0	0	0	0
2	509	196	0	0	0	0
3	510	197	0	0	0	0
4	512	197	0	0	0	0
5	512	198	0	0	0	0
6	511	198	0	0	0	0
7	508	198	0	0	0	0
8	510	199	0	0	0	0
9	511	199	0	0	0	0
10	511	199	0	0	0	0
11	511	199	0	0	0	0
12	510	200	0	0	0	0
13	509	200	0	0	0	0
14	511	201	0	0	0	0
15	509	201	0	0	0	0
0	510	201	0	0	0	0
1	514	201	0	0	0	0
2	511	201	0	0	0	0
3	510	201	0	0	0	0
4	508	201	0	0	0	0
5	511	202	0	0	0	0
6	510	201	0	0	0	0
7	511	202	0	0	0	0
8	514	201	0	0	0	0
9	513	202	0	0	0	0
10	510	201	0	0	0	0
11	509	201	0	0	0	0
12	514	201	0	0	0	0
13	511	201	0	0	0	0
14	510	201	0	0	0	0
15	512	200	0	0	0	0
0	512	200	0	0	0	0
1	506	200	0	0	0	0
2	511	200	0	0	0	0
3	511	200	0	0	0	0
4	512	199	0	0	0	0
5	512	199	0	0	0	0
6	511	199	0	0	0	0
7	508	198	0	0	0	0
8	511	198	0	0	0	0
9	512	197	0	0	0	0
10	512	196	0	0	0	0
11	511	196	0	0	0	0
12	507	195	0	0	0	0
13	514	195	0	0	0	0
14	512	194	0	0	0	0
15	509	193	0	0	0	0
0	510	192	0	0	0	0
1	508	192	0	0	0	0
2	507	191	0	0	0	0
3	513	190	0	0	0	0
4	513	190	0	0	0	0
5	510	189	0	0	0	0
6	510	188	0	0	0	0
7	514	187	0	0	0	0
8	512	187	0	0	0	0
9	514	185	0	0	0	0
10	509	184	0	0	0	0
11	514	184	0	0	0	0
12	510	183	0	0	0	0
13	511	182	0	0	0	0
14	510	182	0	0	0	0
15	508	181	0	0	0	0
0	514	180	0	0	0	0
1	511	179	0	0	0	0
2	508	178	0	0	0	0
3	510	177	0	0	0	0
4	510	176	0	0	0	0
5	512	176	0	0	0	0
6	514	175	0	0	0	0
7	511	175	0	0	0	0
8	511	174	0	0	0	0
9	510	174	0	0	0	0
10	513	173	0	0	0	0
11	510	173	0	0	0	0
12	513	172	0	0	0	0
13	511	172	0	0	0	0
14	509	171	0	0	0	0
15	512	171	0	0	0	0
0	512	171	0	0	0	0
1	513	170	0	0	0	0
2	512	170	0	0	0	0
3	511	169	0	0	0	0
4	513	169	0	0	0	0
5	512	169	0	0	0	0
6	512	169	0	0	0	0
7	512	169	0	0	0	0
8	511	169	0	0	0	0
9	512	169	0	0	0	0
10	512	168	0	0	0	0
11	512	169	0	0	0	0
12	512	168	0	0	0	0
13	508	169	0	0	0	0
14	510	169	0	0	0	0
15	512	169	0	0	0	0
0	515	169	0	0	0	0
1	511	169	0	0	0	0
2	509	170	0	0	0	0
3	512	170	0	0	0	0
4	514	170	0	0	0	0
5	512	170	0	0	0	0
6	511	171	0	0	0	0
7	512	171	0	0	0	0
8	509	171	0	0	0	0
9	511	171	0	0	0	0
10	509	172	0	0	0	0
11	512	172	0	0	0	0
12	510	172	0	0	0	0
13	506	173	0	0	0	0
14	512	173	0	0	0	0
15	510	173	0	0	0	0
0	511	174	0	0	0	0
1	509	174	0	0	0	0
2	512	175	0	0	0	0
3	512	176	0	0	0	0
4	508	175	0	0	0	0
5	512	176	0	0	0	0
6	510	177	0	0	0	0
7	511	177	0	0	0	0
8	514	178	0	0	0	0
9	512	178	0	0	0	0
10	510	179	0	0	0	0
11	512	179	0	0	0	0
12	510	180	0	0	0	0
13	513	181	0	0	0	0
14	508	182	0	0	0	0
15	511	182	0	0	0	0
0	511	183	0	0	0	0
1	515	184	0	0	0	0
2	511	184	0	0	0	0
3	512	184	0	0	0	0
4	512	185	0	0	0	0
5	515	186	0	0	0	0
6	507	186	0	0	0	0
7	508	187	0	0	0	0
8	512	187	0	0	0	0
9	511	188	0	0	0	0
10	513	189	0	0	0	0
11	512	190	0	0	0	0
12	513	190	0	0	0	0
13	512	191	0	0	0	0
14	509	191	0	0	0	0
15	511	192	0	0	0	0
0	512	192	0	0	0	0
1	508	192	0	0	0	0
2	513	193	0	0	0	0
3	514	193	0	0	0	0
4	512	194	0	0	0	0
5	512	195	0	0	0	0
6	511	195	0	0	0	0
7	510	195	0	0	0	0
8	511	196	0	0	0	0
9	512	196	0	0	0	0
10	511	198	0	0	0	0
11	513	198	0	0	0	0
12	511	198	0	0	0	0
13	512	198	0	0	0	0
14	509	198	0	0	0	0
15	510	199	0	0	0	0
0	512	199	0	0	0	0
1	511	199	0	0	0	0
2	511	199	0	0	0	0
3	512	200	0	0	0	0
4	512	199	0	0	0	0
5	511	200	0	0	0	0
6	511	200	0	0	0	0
7	511	200	0	0	0	0
8	513	200	0	0	0	0
9	511	200	0	0	0	0
10	512	200	0	0	0	0
11	511	200	0	0	0	0
12	514	200	0	0	0	0
13	513	200	0	0	0	0
14	510	200	0	0	0	0
15	512	199	0	0	0	0
0	511	200	0	0	0	0
1	511	199	0	0	0	0
2	512	199	0	0	0	0
3	512	199	0	0	0	0
4	511	199	0	0	0	0
5	512	199	0	0	0	0
6	511	199	0	0	0	0
7	512	199	0	0	0	0
8	513	198	0	0	0	0
9	512	198	0	0	0	0
10	513	198	0	0	0	0
11	511	198	0	0	0	0
12	514	197	0	0	0	0
13	511	197	0	0	0	0
14	512	195	0	0	0	0
15	511	195	0	0	0	0
0	511	195	0	0	0	0
1	509	194	0	0	0	0
2	512	193	0	0	0	0
3	511	193	0	0	0	0
4	511	192	0	0	0	0
5	509	191	0	0	0	0
6	513	191	0	0	0	0
7	511	190	0	0	0	0
8	510	189	0	0	0	0
9	509	188	0	0	0	0
10	510	188	0	0	0	0
11	513	187	0	0	0	0
12	510	185	0	0	0	0
13	510	185	0	0	0	0
14	514	184	0	0	0	0
15	510	183	0	0	0	0
0	514	182	0	0	0	0
1	511	182	0	0	0	0
2	512	180	0	0	0	0
3	511	180	0	0	0	0
4	511	179	0	0	0	0
5	509	178	0	0	0	0
6	515	177	0	0	0	0
7	510	176	0	0	0	0
8	511	176	0	0	0	0
9	512	175	0	0	0	0
10	511	174	0	0	0	0
11	511	173	0	0	0	0
12	511	173	0	0	0	0
13	513	172	0	0	0	0
14	512	172	0	0	0	0
15	512	171	0	0	0	0
0	508	171	0	0	0	0
1	512	170	0	0	0	0
2	511	169	0	0	0	0
3	512	169	0	0	0	0
4	511	169	0	0	0	0
5	512	168	0	0	0	0
6	511	168	0	0	0	0
7	508	168	0	0	0	0
8	512	168	0	0	0	0
9	513	168	0	0	0	0
10	511	168	0	0	0	0
11	510	169	0	0	0	0
12	510	169	0	0	0	0
13	508	169	0	0	0	0
14	511	169	0	0	0	0
15	512	169	0	0	0	0
0	513	170	0	0	0	0
1	509	170	0	0	0	0
2	513	171	0	0	0	0
3	509	171	0	0	0	0
4	511	172	0	0	0	0
5	510	172	0	0	0	0
6	511	173	0	0	0	0
7	509	173	0	0	0	0
8	511	174	0	0	0	0
9	513	174	0	0	0	0
10	512	175	0	0	0	0
11	512	175	0	0	0	0
12	512	176	0	0	0	0
13	511	177	0	0	0	0
14	510	177	0	0	0	0
15	510	179	0	0	0	0
0	512	179	0	0	0	0
1	513	180	0	0	0	0
2	510	181	0	0	0	0
3	510	182	0	0	0	0
4	510	182	0	0	0	0
5	513	183	0	0	0	0
6	511	184	0	0	0	0
7	512	184	0	0	0	0
8	514	185	0	0	0	0
9	508	186	0	0	0	0
10	511	187	0	0	0	0
11	512	187	0	0	0	0
12	510	188	0	0	0	0
13	512	189	0	0	0	0
14	510	190	0	0	0	0
15	511	190	0	0	0	0
0	508	191	0	0	0	0
1	510	192	0	0	0	0
2	515	192	0	0	0	0
3	510	193	0	0	0	0
4	512	194	0	0	0	0
5	510	194	0	0	0	0
6	513	195	0	0	0	0
7	513	195	0	0	0	0
8	512	196	0	0	0	0
9	511	196	0	0	0	0
10	511	196	0	0	0	0
11	512	198	0	0	0	0
12	511	198	0	0	0	0
13	510	198	0	0	0	0
14	512	198	0	0	0	0
15	512	199	0	0	0	0
0	510	199	0	0	0	0
1	511	199	0	0	0	0
2	513	199	0	0	0	0
3	512	199	0	0	0	0
4	512	199	0	0	0	0
5	509	199	0	0	0	0
6	510	199	0	0	0	0
7	511	199	0	0	0	0
8	513	199	0	0	0	0
9	508	199	0	0	0	0
10	514	199	0	0	0	0
11	512	199	0	0	0	0
12	510	199	0	0	0	0
13	510	199	0	0	0	0
14	510	199	0	0	0	0
15	510	199	0	0	0	0
0	511	199	0	0	0	0
1	509	199	0	0	0	0
2	512	199	0	0	0	0
3	507	199	0	0	0	0
4	514	199	0	0	0	0
5	513	199	0	0	0	0
6	512	198	0	0	0	0
7	513	198	0	0	0	0
8	512	198	0	0	0	0
9	513	197	0	0	0	0
10	512	197	0	0	0	0
11	513	197	0	0	0	0
12	510	197	0	0	0	0
13	511	196	0	0	0	0
14	509	196	0	0	0	0
15	513	195	0	0	0	0
0	512	195	0	0	0	0
1	511	195	0	0	0	0
2	514	194	0	0	0	0
3	512	194	0	0	0	0
4	510	193	0	0	0	0
5	513	193	0	0	0	0
6	512	192	0	0	0	0
7	512	192	0	0	0	0
8	511	191	0	0	0	0
9	508	191	0	0	0	0
10	513	190	0	0	0	0
11	512	189	0	0	0	0
12	511	188	0	0	0	0
13	511	188	0	0	0	0
14	510	187	0	0	0	0
15	512	186	0	0	0	0
0	512	185	0	0	0	0
1	511	185	0	0	0	0
2	513	184	0	0	0	0
3	509	183	0	0	0	0
4	512	183	0	0	0	0
5	512	182	0	0	0	0
6	510	182	0	0	0	0
7	510	181	0	0	0	0
8	509	180	0	0	0	0
9	510	179	0	0	0	0
10	513	179	0	0	0	0
11	512	179	0	0	0	0
12	512	178	0	0	0	0
13	512	177	0	0	0	0
14	512	177	0	0	0	0
15	508	176	0	0	0	0
0	511	176	0	0	0	0
1	511	176	0	0	0	0
2	511	175	0	0	0	0
3	512	175	0	0	0	0
4	512	174	0	0	0	0
5	510	174	0	0	0	0
6	512	174	0	0	0	0
7	510	173	0	0	0	0
8	513	173	0	0	0	0
9	512	173	0	0	0	0
10	510	173	0	0	0	0
11	512	172	0	0	0	0
12	510	172	0	0	0	0
13	511	172	0	0	0	0
14	512	172	0	0	0	0
15	510	171	0	0	0	0
0	510	171	0	0	0	0
1	512	171	0	0	0	0
2	512	170	0	0	0	0
3	510	170	0	0	0	0
4	511	170	0	0	0	0
5	510	169	0	0	0	0
6	511	169	0	0	0	0
7	511	169	0	0	0	0
8	511	169	0	0	0	0
9	513	169	0	0	0	0
10	511	168	0	0	0	0
11	512	168	0	0	0	0
12	512	168	0	0	0	0
13	511	168	0	0	0	0
14	512	168	0	0	0	0
15	508	168	0	0	0	0
0	512	168	0	0	0	0
1	512	168	0	0	0	0
2	511	169	0	0	0	0
3	513	168	0	0	0	0
4	515	169	0	0	0	0
5	512	169	0	0	0	0
6	510	169	0	0	0	0
7	508	169	0	0	0	0
8	510	169	0	0	0	0
9	510	169	0	0	0	0
10	512	169	0	0	0	0
11	511	170	0	0	0	0
12	512	170	0	0	0	0
13	511	170	0	0	0	0
14	512	170	0	0	0	0
15	508	171	0	0	0	0
0	512	171	0	0	0	0
1	512	171	0	0	0	0
2	510	171	0	0	0	0
3	512	172	0	0	0	0
4	506	172	0	0	0	0
5	511	172	0	0	0	0
6	512	172	0	0	0	0
7	514	172	0	0	0	0
8	511	173	0	0	0	0
9	511	173	0	0	0	0
10	510	174	0	0	0	0
11	512	174	0	0	0	0
12	511	175	0	0	0	0
13	511	175	0	0	0	0
14	513	175	0	0	0	0
15	513	175	0	0	0	0
0	513	176	0	0	0	0
1	508	176	0	0	0	0
2	509	177	0	0	0	0
3	511	177	0	0	0	0
4	510	177	0	0	0	0
5	513	178	0	0	0	0
6	511	178	0	0	0	0
7	508	179	0	0	0	0
8	511	179	0	0	0	0
9	511	180	0	0	0	0
10	512	180	0	0	0	0
11	512	181	0	0	0	0
12	510	182	0	0	0	0
13	510	182	0	0	0	0
14	511	182	0	0	0	0
15	510	183	0	0	0	0
0	510	184	0	0	0	0
1	513	184	0	0	0	0
2	509	184	0	0	0	0
3	513	184	0	0	0	0
4	512	185	0	0	0	0
5	512	185	0	0	0	0
6	509	186	0	0	0	0
7	512	186	0	0	0	0
8	510	187	0	0	0	0
9	508	187	0	0	0	0
10	510	188	0	0	0	0
11	512	188	0	0	0	0
12	510	188	0	0	0	0
13	511	189	0	0	0	0
14	511	189	0	0	0	0
15	511	190	0	0	0	0
0	511	190	0	0	0	0
1	512	191	0	0	0	0
2	511	191	0	0	0	0
3	512	191	0	0	0	0
4	512	192	0	0	0	0
5	511	192	0	0	0	0
6	513	193	0	0	0	0
7	510	193	0	0	0	0
8	511	193	0	0	0	0
9	515	194	0	0	0	0
10	510	195	0	0	0	0
11	510	194	0	0	0	0
12	511	195	0	0	0	0
13	512	195	0	0	0	0
14	511	196	0	0	0	0
15	513	196	0	0	0	0
0	516	197	0	0	0	0
1	509	197	0	0	0	0
2	511	197	0	0	0	0
3	511	198	0	0	0	0
4	510	198	0	0	0	0
5	511	198	0	0	0	0
6	514	198	0	0	0	0
7	512	199	0	0	0	0
8	511	199	0	0	0	0
9	508	199	0	0	0	0
10	513	199	0	0	0	0
11	510	199	0	0	0	0
12	511	199	0	0	0	0
13	511	199	0	0	0	0
14	510	199	0	0	0	0
15	512	199	0	0	0	0
0	511	199	0	0	0	0
1	512	199	0	0	0	0
2	511	199	0	0	0	0
3	513	199	0	0	0	0
4	512	199	0	0	0	0
5	511	199	0	0	0	0
6	511	199	0	0	0	0
7	512	199	0	0	0	0
8	512	199	0	0	0	0
9	513	200	0	0	0	0
10	511	200	0	0	0	0
11	511	200	0	0	0	0
12	512	200	0	0	0	0
13	510	200	0	0	0	0
14	512	200	0	0	0	0
15	513	200	0	0	0	0
0	508	200	0	0	0	0
1	513	200	0	0	0	0
2	506	200	0	0	0	0
3	511	200	0	0	0	0
4	511	200	0	0	0	0
5	510	200	0	0	0	0
6	512	200	0	0	0	0
7	513	199	0	0	0	0
8	513	199	0	0	0	0
9	514	199	0	0	0	0
10	511	199	0	0	0	0
11	508	199	0	0	0	0
12	515	199	0	0	0	0
13	514	199	0	0	0	0
14	510	199	0	0	0	0
15	512	199	0	0	0	0
0	513	199	0	0	0	0
1	511	199	0	0	0	0
2	513	199	0	0	0	0
3	511	199	0	0	0	0
4	511	198	0	0	0	0
5	510	198	0	0	0	0
6	511	198	0	0	0	0
7	513	198	0	0	0	0
8	510	197	0	0	0	0
9	512	197	0	0	0	0
10	512	196	0	0	0	0
11	509	196	0	0	0	0
12	510	196	0	0	0	0
13	513	195	0	0	0	0
14	513	195	0	0	0	0
15	511	195	0	0	0	0
0	510	194	0	0	0	0
1	511	193	0	0	0	0
2	511	193	0	0	0	0
3	510	193	0	0	0	0
4	511	193	0	0	0	0
5	513	192	0	0	0	0
6	513	191	0	0	0	0
7	510	191	0	0	0	0
8	514	191	0	0	0	0
9	510	190	0	0	0	0
10	512	190	0	0	0	0
11	511	189	0	0	0	0
12	512	189	0	0	0	0
13	511	188	0	0	0	0
14	512	187	0	0	0	0
15	510	187	0	0	0	0
0	512	186	0	0	0	0
1	507	186	0	0	0	0
2	514	185	0	0	0	0
3	511	184	0	0	0	0
4	514	184	0	0	0	0
5	510	183	0	0	0	0
6	511	183	0	0	0	0
7	513	182	0	0	0	0
8	512	182	0	0	0	0
9	511	181	0	0	0	0
10	510	180	0	0	0	0
11	511	179	0	0	0	0
12	511	179	0	0	0	0
13	514	179	0	0	0	0
14	513	178	0	0	0	0
15	511	177	0	0	0	0
0	513	177	0	0	0	0
1	510	176	0	0	0	0
2	511	176	0	0	0	0
3	512	176	0	0	0	0
4	511	175	0	0	0	0
5	512	175	0	0	0	0
6	511	174	0	0	0	0
7	511	174	0	0	0	0
8	512	174	0	0	0	0
9	511	173	0	0	0	0
10	510	173	0	0	0	0
11	509	173	0	0	0	0
12	508	172	0	0	0	0
13	510	172	0	0	0	0
14	513	172	0	0	0	0
15	513	171	0	0	0	0
0	514	171	0	0	0	0
1	512	171	0	0	0	0
2	513	171	0	0	0	0
3	512	170	0	0	0	0
4	511	170	0	0	0	0
5	512	169	0	0	0	0
6	511	169	0	0	0	0
7	512	169	0	0	0	0
8	515	169	0	0	0	0
9	511	169	0	0	0	0
10	514	168	0	0	0	0
11	512	168	0	0	0	0
12	512	168	0	0	0	0
13	511	168	0	0	0	0
14	511	168	0	0	0	0
15	514	168	0	0	0	0
0	512	168	0	0	0	0
1	512	168	0	0	0	0
2	512	168	0	0	0	0
3	511	168	0	0	0	0
4	512	168	0	0	0	0
5	514	168	0	0	0	0
6	511	169	0	0	0	0
7	510	169	0	0	0	0
8	514	169	0	0	0	0
9	514	169	0	0	0	0
10	509	170	0	0	0	0
11	515	169	0	0	0	0
12	511	170	0	0	0	0
13	512	170	0	0	0	0
14	512	171	0	0	0	0
15	512	171	0	0	0	0
0	511	171	0	0	0	0
1	511	172	0	0	0	0
2	510	172	0	0	0	0
3	512	172	0	0	0	0
4	512	172	0	0	0	0
5	515	173	0	0	0	0
6	512	173	0	0	0	0
7	513	174	0	0	0	0
8	511	174	0	0	0	0
9	509	175	0	0	0	0
10	515	175	0	0	0	0
11	509	175	0	0	0	0
12	510	176	0	0	0	0
13	513	176	0	0	0	0
14	512	176	0	0	0	0
15	513	176	0	0	0	0
0	511	178	0	0	0	0
1	515	177	0	0	0	0
2	512	178	0	0	0	0
3	512	178	0	0	0	0
4	512	179	0	0	0	0
5	510	179	0	0	0	0
6	513	180	0	0	0	0
7	511	180	0	0	0	0
8	512	180	0	0	0	0
9	510	181	0	0	0	0
10	513	181	0	0	0	0
11	512	182	0	0	0	0
12	514	182	0	0	0	0
13	512	183	0	0	0	0
14	513	183	0	0	0	0
15	510	183	0	0	0	0
0	512	184	0	0	0	0
1	512	184	0	0	0	0
2	512	184	0	0	0	0
3	512	185	0	0	0	0
4	511	185	0	0	0	0
5	512	186	0	0	0	0
6	511	186	0	0	0	0
7	513	187	0	0	0	0
8	513	188	0	0	0	0
9	513	187	0	0	0	0
10	509	188	0	0	0	0
11	510	188	0	0	0	0
12	512	189	0	0	0	0
13	512	189	0	0	0	0
14	514	190	0	0	0	0
15	510	190	0	0	0	0
0	509	191	0	0	0	0
1	509	191	0	0	0	0
2	512	191	0	0	0	0
3	513	192	0	0	0	0
4	513	192	0	0	0	0
5	510	193	0	0	0	0
6	512	193	0	0	0	0
7	512	194	0	0	0	0
8	510	194	0	0	0	0
9	506	195	0	0	0	0
10	510	195	0	0	0	0
11	510	195	0	0	0	0
12	513	195	0	0	0	0
13	512	196	0	0	0	0
14	513	196	0	0	0	0
15	511	196	0	0	0	0
0	509	197	0	0	0	0
1	512	197	0	0	0	0
2	510	197	0	0	0	0
3	511	198	0	0	0	0
4	513	198	0	0	0	0
5	512	198	0	0	0	0
6	511	198	0	0	0	0
7	512	198	0	0	0	0
8	511	198	0	0	0	0
9	513	199	0	0	0	0
10	514	199	0	0	0	0
11	511	199	0	0	0	0
12	514	199	0	0	0	0
13	510	199	0	0	0	0
14	510	199	0	0	0	0
15	512	199	0	0	0	0
0	513	199	0	0	0	0
1	514	199	0	0	0	0
2	515	199	0	0	0	0
3	511	199	0	0	0	0
4	511	199	0	0	0	0
5	512	199	0	0	0	0
6	513	199	0	0	0	0
7	513	199	0	0	0	0
8	512	199	0	0	0	0
9	512	199	0	0	0	0
10	512	199	0	0	0	0
11	512	199	0	0	0	0
12	511	199	0	0	0	0
13	512	199	0	0	0	0
14	512	199	0	0	0	0
15	512	199	0	0	0	0
0	512	199	0	0	0	0
1	511	199	0	0	0	0
2	509	199	0	0	0	0
3	511	199	0	0	0	0
4	512	199	0	0	0	0
5	514	199	0	0	0	0
6	510	199	0	0	0	0
7	507	199	0	0	0	0
8	510	199	0	0	0	0
9	512	199	0	0	0	0
10	510	199	0	0	0	0
11	511	198	0	0	0	0
12	514	198	0	0	0	0
13	507	198	0	0	0	0
14	513	198	0	0	0	0
15	511	198	0	0	0	0
0	511	198	0	0	0	0
1	512	197	0	0	0	0
2	510	197	0	0	0	0
3	513	197	0	0	0	0
4	506	197	0	0	0	0
5	511	196	0	0	0	0
6	510	196	0	0	0	0
7	512	196	0	0	0	0
8	513	196	0	0	0	0
9	513	196	0	0	0	0
10	511	195	0	0	0	0
11	512	195	0	0	0	0
12	514	195	0	0	0	0
13	511	195	0	0	0	0
14	513	194	0	0	0	0
15	511	194	0	0	0	0
0	512	193	0	0	0	0
1	510	193	0	0	0	0
2	511	193	0	0	0	0
3	511	193	0	0	0	0
4	513	192	0	0	0	0
5	511	192	0	0	0	0
6	512	192	0	0	0	0
7	509	192	0	0	0	0
8	512	192	0	0	0	0
9	512	191	0	0	0	0
10	513	191	0	0	0	0
11	512	191	0	0	0	0
12	512	191	0	0	0	0
13	511	190	0	0	0	0
14	514	190	0	0	0	0
15	512	190	0	0	0	0
0	513	190	0	0	0	0
1	513	190	0	0	0	0
2	512	189	0	0	0	0
3	512	189	0	0	0	0
4	512	188	0	0	0	0
5	510	189	0	0	0	0
6	512	188	0	0	0	0
7	512	188	0	0	0	0
8	512	188	0	0	0	0
9	511	188	0	0	0	0
10	512	188	0	0	0	0
11	511	188	0	0	0	0
12	509	187	0	0	0	0
13	514	186	0	0	0	0
14	511	186	0	0	0	0
15	510	184	0	0	0	0
0	509	186	0	0	0	0
1	510	186	0	0	0	0
2	512	186	0	0	0	0
3	512	185	0	0	0	0
4	511	185	0	0	0	0
5	511	185	0	0	0	0
6	513	184	0	0	0	0
7	513	184	0	0	0	0
8	511	184	0	0	0	0
9	510	184	0	0	0	0
10	515	183	0	0	0	0
11	512	183	0	0	0	0
12	511	182	0	0	0	0
13	508	182	0	0	0	0
14	511	181	0	0	0	0
15	512	181	0	0	0	0
0	514	181	0	0	0	0
1	511	180	0	0	0	0
2	511	180	0	0	0	0
3	511	179	0	0	0	0
4	512	179	0	0	0	0
5	511	178	0	0	0	0
6	510	178	0	0	0	0
7	511	177	0	0	0	0
8	512	177	0	0	0	0
9	512	176	0	0	0	0
10	509	176	0	0	0	0
11	511	176	0	0	0	0
12	511	176	0	0	0	0
13	511	176	0	0	0	0
14	512	175	0	0	0	0
15	511	175	0	0	0	0
0	510	175	0	0	0	0
1	509	174	0	0	0	0
2	512	174	0	0	0	0
3	512	173	0	0	0	0
4	511	173	0	0	0	0
5	510	173	0	0	0	0
6	510	172	0	0	0	0
7	510	172	0	0	0	0
8	510	172	0	0	0	0
9	512	172	0	0	0	0
10	511	171	0	0	0	0
11	509	171	0	0	0	0
12	511	171	0	0	0	0
13	512	171	0	0	0	0
14	512	171	0	0	0	0
15	513	170	0	0	0	0
0	509	170	0	0	0	0
1	514	169	0	0	0	0
2	513	169	0	0	0	0
3	511	169	0	0	0	0
4	510	169	0	0	0	0
5	511	169	0	0	0	0
6	511	169	0	0	0	0
7	513	169	0	0	0	0
8	510	168	0	0	0	0
9	510	168	0	0	0	0
10	512	168	0	0	0	0
11	510	168	0	0	0	0
12	511	168	0	0	0	0
13	511	168	0	0	0	0
14	510	167	0	0	0	0
15	509	167	0	0	0	0
0	513	168	0	0	0	0
1	510	168	0	0	0	0
2	513	168	0	0	0	0
3	510	167	0	0	0	0
4	511	168	0	0	0	0
5	511	167	0	0	0	0
6	513	168	0	0	0	0
7	514	167	0	0	0	0
8	510	168	0	0	0	0
9	511	168	0	0	0	0
10	511	168	0	0	0	0
11	512	168	0	0	0	0
12	511	168	0	0	0	0
13	513	168	0	0	0	0
14	512	169	0	0	0	0
15	511	169	0	0	0	0
0	509	169	0	0	0	0
1	510	169	0	0	0	0
2	509	169	0	0	0	0
3	511	169	0	0	0	0
4	511	169	0	0	0	0
5	514	170	0	0	0	0
6	512	169	0	0	0	0
7	513	170	0	0	0	0
8	509	170	0	0	0	0
9	512	170	0	0	0	0
10	512	171	0	0	0	0
11	511	171	0	0	0	0
12	513	171	0	0	0	0
13	508	171	0	0	0	0
14	509	172	0	0	0	0
15	510	172	0	0	0	0
0	509	172	0	0	0	0
1	512	172	0	0	0	0
2	509	173	0	0	0	0
3	512	173	0	0	0	0
4	515	174	0	0	0	0
5	511	174	0	0	0	0
6	509	174	0	0	0	0
7	510	175	0	0	0	0
8	512	175	0	0	0	0
9	514	175	0	0	0	0
10	513	175	0	0	0	0
11	509	176	0	0	0	0
12	511	176	0	0	0	0
13	510	177	0	0	0	0
14	513	177	0	0	0	0
15	512	177	0	0	0	0
0	511	178	0	0	0	0
1	511	178	0	0	0	0
2	512	179	0	0	0	0
3	511	179	0	0	0	0
4	514	179	0	0	0	0
5	508	180	0	0	0	0
6	512	181	0	0	0	0
7	513	181	0	0	0	0
8	513	182	0	0	0	0
9	510	182	0	0	0	0
10	509	182	0	0	0	0
11	512	182	0	0	0	0
12	514	183	0	0	0	0
13	513	183	0	0	0	0
14	511	183	0	0	0	0
15	512	184	0	0	0	0
0	511	184	0	0	0	0
1	512	185	0	0	0	0
2	511	185	0	0	0	0
3	509	185	0	0	0	0
4	512	185	0	0	0	0
5	513	186	0	0	0	0
6	509	186	0	0	0	0
7	508	187	0	0	0	0
8	510	187	0	0	0	0
9	511	187	0	0	0	0
10	511	188	0	0	0	0
11	512	188	0	0	0	0
12	510	188	0	0	0	0
13	510	188	0	0	0	0
14	513	189	0	0	0	0
15	514	189	0	0	0	0
0	513	190	0	0	0	0
1	513	190	0	0	0	0
2	512	190	0	0	0	0
3	510	190	0	0	0	0
4	508	190	0	0	0	0
5	507	191	0	0	0	0
6	510	191	0	0	0	0
7	507	191	0	0	0	0
8	508	191	0	0	0	0
9	512	191	0	0	0	0
10	509	192	0	0	0	0
11	512	192	0	0	0	0
12	511	192	0	0	0	0
13	512	193	0	0	0	0
14	511	193	0	0	0	0
15	511	193	0	0	0	0
0	512	194	0	0	0	0
1	508	194	0	0	0	0
2	514	194	0	0	0	0
3	513	194	0	0	0	0
4	511	195	0	0	0	0
5	510	195	0	0	0	0
6	511	195	0	0	0	0
7	508	195	0	0	0	0
8	508	195	0	0	0	0
9	509	195	0	0	0	0
10	512	195	0	0	0	0
11	511	196	0	0	0	0
12	510	196	0	0	0	0
13	510	196	0	0	0	0
14	512	196	0	0	0	0
15	511	197	0	0	0	0
0	512	196	0	0	0	0
1	511	197	0	0	0	0
2	512	197	0	0	0	0
3	511	198	0	0	0	0
4	511	198	0	0	0	0
5	511	198	0	0	0	0
6	512	198	0	0	0	0
7	513	198	0	0	0	0
8	512	198	0	0	0	0
9	509	198	0	0	0	0
10	508	199	0	0	0	0
11	510	199	0	0	0	0
12	512	199	0	0	0	0
13	512	199	0	0	0	0
14	513	199	0	0	0	0
15	513	199	0	0	0	0
0	513	199	0	0	0	0
1	511	199	0	0	0	0
2	512	199	0	0	0	0
3	510	199	0	0	0	0
4	510	199	0	0	0	0
5	511	199	0	0	0	0
6	512	199	0	0	0	0
7	512	199	0	0	0	0
8	508	199	0	0	0	0
9	509	199	0	0	0	0
10	510	199	0	0	0	0
11	511	199	0	0	0	0
12	513	199	0	0	0	0
13	510	199	0	0	0	0
14	510	199	0	0	0	0
15	512	199	0	0	0	0
0	514	199	0	0	0	0
1	512	199	0	0	0	0
2	511	199	0	0	0	0
3	514	199	0	0	0	0
4	512	199	0	0	0	0
5	511	199	0	0	0	0
6	512	199	0	0	0	0
7	512	199	0	0	0	0
8	511	199	0	0	0	0
9	511	199	0	0	0	0
10	513	199	0	0	0	0
11	511	199	0	0	0	0
12	508	199	0	0	0	0
13	514	199	0	0	0	0
14	510	199	0	0	0	0
15	513	199	0	0	0	0
0	512	199	0	0	0	0
1	511	199	0	0	0	0
2	511	199	0	0	0	0
3	510	199	0	0	0	0
4	513	199	0	0	0	0
5	509	199	0	0	0	0
6	513	199	0	0	0	0
7	514	199	0	0	0	0
8	512	199	0	0	0	0
9	510	199	0	0	0	0
10	508	199	0	0	0	0
11	513	199	0	0	0	0
12	510	199	0	0	0	0
13	514	198	0	0	0	0
14	514	199	0	0	0	0
15	510	198	0	0	0	0
0	510	198	0	0	0	0
1	513	198	0	0	0	0
2	512	198	0	0	0	0
3	514	198	0	0	0	0
4	513	197	0	0	0	0
5	516	198	0	0	0	0
6	511	197	0	0	0	0
7	511	197	0	0	0	0
8	512	197	0	0	0	0
9	515	197	0	0	0	0
10	510	196	0	0	0	0
11	510	196	0	0	0	0
12	509	196	0	0	0	0
13	510	196	0	0	0	0
14	506	196	0	0	0	0
15	512	196	0	0	0	0
0	512	195	0	0	0	0
1	513	195	0	0	0	0
2	512	195	0	0	0	0
3	512	195	0	0	0	0
4	509	195	0	0	0	0
5	511	195	0	0	0	0
6	513	195	0	0	0	0
7	512	195	0	0	0	0
8	512	195	0	0	0	0
9	512	195	0	0	0	0
10	510	195	0	0	0	0
11	513	195	0	0	0	0
12	511	194	0	0	0	0
13	513	195	0	0	0	0
14	510	194	0	0	0	0
15	512	194	0	0	0	0
0	508	194	0	0	0	0
1	510	194	0	0	0	0
2	511	194	0	0	0	0
3	511	194	0	0	0	0
4	512	193	0	0	0	0
5	512	193	0	0	0	0
6	510	193	0	0	0	0
7	510	193	0	0	0	0
8	511	193	0	0	0	0
9	512	193	0	0	0	0
10	513	193	0	0	0	0
11	510	192	0	0	0	0
12	512	192	0	0	0	0
13	510	192	0	0	0	0
14	513	192	0	0	0	0
15	511	192	0	0	0	0
0	510	191	0	0	0	0
1	512	191	0	0	0	0
2	512	191	0	0	0	0
3	512	191	0	0	0	0
4	511	190	0	0	0	0
5	513	190	0	0	0	0
6	512	190	0	0	0	0
7	513	190	0	0	0	0
8	511	189	0	0	0	0
9	512	189	0	0	0	0
10	512	189	0	0	0	0
11	513	189	0	0	0	0
12	512	188	0	0	0	0
13	510	188	0	0	0	0
14	514	188	0	0	0	0
15	508	188	0	0	0	0
0	511	188	0	0	0	0
1	510	187	0	0	0	0
2	511	188	0	0	0	0
3	513	187	0	0	0	0
4	512	187	0	0	0	0
5	511	187	0	0	0	0
6	510	186	0	0	0	0
7	512	186	0	0	0	0
8	511	186	0	0	0	0
9	511	186	0	0	0	0
10	515	185	0	0	0	0
11	512	185	0	0	0	0
12	512	185	0	0	0	0
13	511	185	0	0	0	0
14	513	184	0	0	0	0
15	512	184	0	0	0	0
0	511	184	0	0	0	0
1	511	184	0	0	0	0
2	512	183	0	0	0	0
3	517	183	0	0	0	0
4	513	183	0	0	0	0
5	512	183	0	0	0	0
6	514	182	0	0	0	0
7	512	182	0	0	0	0
8	511	182	0	0	0	0
9	510	181	0	0	0	0
10	511	181	0	0	0	0
11	509	180	0	0	0	0
12	511	180	0	0	0	0
13	514	179	0	0	0	0
14	512	179	0	0	0	0
15	513	179	0	0	0	0
0	512	179	0	0	0	0
1	513	178	0	0	0	0
2	513	178	0	0	0	0
3	514	178	0	0	0	0
4	512	177	0	0	0	0
5	512	177	0	0	0	0
6	511	176	0	0	0	0
7	513	176	0	0	0	0
8	510	176	0	0	0	0
9	511	175	0	0	0	0
10	510	175	0	0	0	0
11	509	175	0	0	0	0
12	511	174	0	0	0	0
13	512	174	0	0	0	0
14	511	173	0	0	0	0
15	516	173	0	0	0	0
0	513	173	0	0	0	0
1	510	172	0	0	0	0
2	512	173	0	0	0	0
3	510	172	0	0	0	0
4	512	172	0	0	0	0
5	512	172	0	0	0	0
6	509	171	0	0	0	0
7	513	171	0	0	0	0
8	510	171	0	0	0	0
9	512	171	0	0	0	0
10	511	170	0	0	0	0
11	512	171	0	0	0	0
12	510	170	0	0	0	0
13	511	170	0	0	0	0
14	512	169	0	0	0	0
15	512	169	0	0	0	0
0	511	169	0	0	0	0
1	508	169	0	0	0	0
2	509	169	0	0	0	0
3	513	169	0	0	0	0
4	512	169	0	0	0	0
5	513	168	0	0	0	0
6	511	168	0	0	0	0
7	513	168	0	0	0	0
8	512	168	0	0	0	0
9	512	167	0	0	0	0
10	512	168	0	0	0	0
11	512	167	0	0	0	0
12	512	167	0	0	0	0
13	513	167	0	0	0	0
14	512	167	0	0	0	0
15	509	167	0	0	0	0
0	510	167	0	0	0	0
1	508	167	0	0	0	0
2	510	167	0	0	0	0
3	512	167	0	0	0	0
4	511	167	0	0	0	0
5	510	167	0	0	0	0
6	512	167	0	0	0	0
7	510	167	0	0	0	0
8	512	166	0	0	0	0
9	509	166	0	0	0	0
10	512	167	0	0	0	0
11	511	167	0	0	0	0
12	511	167	0	0	0	0
13	510	167	0	0	0	0
14	510	167	0	0	0	0
15	512	168	0	0	0	0
0	512	168	0	0	0	0
1	512	168	0	0	0	0
2	511	168	0	0	0	0
3	513	168	0	0	0	0
4	512	168	0	0	0	0
5	513	169	0	0	0	0
6	511	169	0	0	0	0
7	511	169	0	0	0	0
8	510	169	0	0	0	0
9	512	169	0	0	0	0
10	514	169	0	0	0	0
11	514	169	0	0	0	0
12	510	169	0	0	0	0
13	510	170	0	0	0	0
14	514	170	0	0	0	0
15	514	170	0	0	0	0
0	512	170	0	0	0	0
1	508	171	0	0	0	0
2	511	170	0	0	0	0
3	514	171	0	0	0	0
4	511	171	0	0	0	0
5	511	171	0	0	0	0
6	513	171	0	0	0	0
7	512	171	0	0	0	0
8	512	172	0	0	0	0
9	513	172	0	0	0	0
10	510	172	0	0	0	0
11	513	172	0	0	0	0
12	513	172	0	0	0	0
13	510	172	0	0	0	0
14	512	173	0	0	0	0
15	512	173	0	0	0	0
0	511	174	0	0	0	0
1	511	174	0	0	0	0
2	511	174	0	0	0	0
3	510	174	0	0	0	0
4	512	174	0	0	0	0
5	511	175	0	0	0	0
6	514	175	0	0	0	0
7	511	175	0	0	0	0
8	507	175	0	0	0	0
9	511	176	0	0	0	0
10	511	176	0	0	0	0
11	512	176	0	0	0	0
12	510	176	0	0	0	0
13	510	177	0	0	0	0
14	512	177	0	0	0	0
15	508	177	0	0	0	0
0	510	178	0	0	0	0
1	512	178	0	0	0	0
2	510	178	0	0	0	0
3	511	178	0	0	0	0
4	511	179	0	0	0	0
5	511	179	0	0	0	0
6	510	179	0	0	0	0
7	509	180	0	0	0	0
8	511	180	0	0	0	0
9	510	181	0	0	0	0
10	510	182	0	0	0	0
11	511	183	0	0	0	0
12	512	182	0	0	0	0
13	512	183	0	0	0	0
14	511	183	0	0	0	0
15	511	184	0	0	0	0
0	513	184	0	0	0	0
1	511	184	0	0	0	0
2	511	185	0	0	0	0
3	511	185	0	0	0	0
4	510	186	0	0	0	0
5	512	186	0	0	0	0
6	515	186	0	0	0	0
7	510	186	0	0	0	0
8	510	187	0	0	0	0
9	510	187	0	0	0	0
10	511	188	0	0	0	0
11	512	188	0	0	0	0
12	510	188	0	0	0	0
13	510	188	0	0	0	0
14	512	188	0	0	0	0
15	511	189	0	0	0	0
0	511	189	0	0	0	0
1	511	189	0	0	0	0
2	511	189	0	0	0	0
3	513	190	0	0	0	0
4	511	190	0	0	0	0
5	513	190	0	0	0	0
6	513	190	0	0	0	0
7	513	191	0	0	0	0
8	511	191	0	0	0	0
9	509	191	0	0	0	0
10	513	192	0	0	0	0
11	510	192	0	0	0	0
12	512	192	0	0	0	0
13	513	192	0	0	0	0
14	512	193	0	0	0	0
15	512	193	0	0	0	0
0	510	194	0	0	0	0
1	508	194	0	0	0	0
2	512	195	0	0	0	0
3	511	194	0	0	0	0
4	512	195	0	0	0	0
5	512	195	0	0	0	0
6	514	195	0	0	0	0
7	510	195	0	0	0	0
8	513	196	0	0	0	0
9	511	196	0	0	0	0
10	510	196	0	0	0	0
11	511	197	0	0	0	0
12	512	196	0	0	0	0
13	511	197	0	0	0	0
14	508	197	0	0	0	0
15	511	198	0	0	0	0
0	511	198	0	0	0	0
1	512	198	0	0	0	0
2	510	198	0	0	0	0
3	512	198	0	0	0	0
4	515	198	0	0	0	0
5	508	198	0	0	0	0
6	512	199	0	0	0	0
7	512	198	0	0	0	0
8	511	199	0	0	0	0
9	512	198	0	0	0	0
10	508	199	0	0	0	0
11	513	199	0	0	0	0
12	511	199	0	0	0	0
13	510	199	0	0	0	0
14	512	199	0	0	0	0
15	513	199	0	0	0	0
0	512	199	0	0	0	0
1	514	199	0	0	0	0
2	512	199	0	0	0	0
3	510	199	0	0	0	0
4	511	199	0	0	0	0
5	510	199	0	0	0	0
6	510	199	0	0	0	0
7	511	199	0	0	0	0
8	511	199	0	0	0	0
9	512	199	0	0	0	0
10	512	199	0	0	0	0
11	511	199	0	0	0	0
12	512	199	0	0	0	0
13	512	199	0	0	0	0
14	512	200	0	0	0	0
15	511	199	0	0	0	0
0	515	200	0	0	0	0
1	513	199	0	0	0	0
2	512	199	0	0	0	0
3	513	199	0	0	0	0
4	509	199	0	0	0	0
5	512	199	0	0	0	0
6	510	199	0	0	0	0
7	512	199	0	0	0	0
8	509	199	0	0	0	0
9	514	199	0	0	0	0
10	511	199	0	0	0	0
11	512	200	0	0	0	0
12	512	199	0	0	0	0
13	509	199	0	0	0	0
14	512	199	0	0	0	0
15	509	199	0	0	0	0
0	511	199	0	0	0	0
1	510	199	0	0	0	0
2	511	199	0	0	0	0
3	510	199	0	0	0	0
4	510	199	0	0	0	0
5	511	199	0	0	0	0
6	511	199	0	0	0	0
7	510	198	0	0	0	0
8	512	198	0	0	0	0
9	512	198	0	0	0	0
10	509	198	0	0	0	0
11	509	198	0	0	0	0
12	508	197	0	0	0	0
13	512	198	0	0	0	0
14	511	197	0	0	0	0
15	511	197	0	0	0	0
0	511	196	0	0	0	0
1	511	196	0	0	0	0
2	511	195	0	0	0	0
3	514	196	0	0	0	0
4	512	195	0	0	0	0
5	512	195	0	0	0	0
6	512	195	0	0	0	0
7	513	195	0	0	0	0
8	513	194	0	0	0	0
9	511	194	0	0	0	0
10	512	194	0	0	0	0
11	514	193	0	0	0	0
12	513	193	0	0	0	0
13	511	193	0	0	0	0
14	515	193	0	0	0	0
15	512	192	0	0	0	0
0	511	192	0	0	0	0
1	512	192	0	0	0	0
2	511	192	0	0	0	0
3	508	191	0	0	0	0
4	513	191	0	0	0	0
5	512	191	0	0	0	0
6	511	190	0	0	0	0
7	510	190	0	0	0	0
8	508	190	0	0	0	0
9	512	189	0	0	0	0
10	511	189	0	0	0	0
11	514	189	0	0	0	0
12	510	188	0	0	0	0
13	512	188	0	0	0	0
14	512	188	0	0	0	0
15	513	187	0	0	0	0
0	512	187	0	0	0	0
1	512	187	0	0	0	0
2	514	187	0	0	0	0
3	510	187	0	0	0	0
4	513	187	0	0	0	0
5	509	186	0	0	0	0
6	511	186	0	0	0	0
7	511	185	0	0	0	0
8	512	185	0	0	0	0
9	509	184	0	0	0	0
10	512	184	0	0	0	0
11	514	184	0	0	0	0
12	508	184	0	0	0	0
13	511	183	0	0	0	0
14	509	183	0	0	0	0
15	511	183	0	0	0	0
0	513	182	0	0	0	0
1	512	182	0	0	0	0
2	512	181	0	0	0	0
3	513	181	0	0	0	0
4	513	180	0	0	0	0
5	513	180	0	0	0	0
6	509	179	0	0	0	0
7	509	179	0	0	0	0
8	513	178	0	0	0	0
9	512	177	0	0	0	0
10	508	177	0	0	0	0
11	512	177	0	0	0	0
12	512	177	0	0	0	0
13	512	176	0	0	0	0
14	512	176	0	0	0	0
15	511	175	0	0	0	0
0	509	175	0	0	0	0
1	510	174	0	0	0	0
2	512	174	0	0	0	0
3	511	173	0	0	0	0
4	515	173	0	0	0	0
5	512	172	0	0	0	0
6	515	172	0	0	0	0
7	511	172	0	0	0	0
8	510	172	0	0	0	0
9	511	171	0	0	0	0
10	510	170	0	0	0	0
11	509	170	0	0	0	0
12	512	170	0	0	0	0
13	509	170	0	0	0	0
14	512	169	0	0	0	0
15	510	169	0	0	0	0
0	510	169	0	0	0	0
1	510	168	0	0	0	0
2	510	168	0	0	0	0
3	512	168	0	0	0	0
4	512	168	0	0	0	0
5	508	168	0	0	0	0
6	510	168	0	0	0	0
7	508	167	0	0	0	0
8	512	168	0	0	0	0
9	511	167	0	0	0	0
10	509	168	0	0	0	0
11	512	167	0	0	0	0
12	512	167	0	0	0	0
13	512	167	0	0	0	0
14	511	167	0	0	0	0
15	512	168	0	0	0	0
0	510	168	0	0	0	0
1	514	168	0	0	0	0
2	510	168	0	0	0	0
3	510	168	0	0	0	0
4	510	169	0	0	0	0
5	510	169	0	0	0	0
6	511	169	0	0	0	0
7	514	169	0	0	0	0
8	511	169	0	0	0	0
9	513	169	0	0	0	0
10	510	170	0	0	0	0
11	508	170	0	0	0	0
12	508	170	0	0	0	0
13	512	170	0	0	0	0
14	509	171	0	0	0	0
15	514	171	0	0	0	0
0	510	171	0	0	0	0
1	508	171	0	0	0	0
2	511	171	0	0	0	0
3	513	172	0	0	0	0
4	511	172	0	0	0	0
5	511	172	0	0	0	0
6	511	172	0	0	0	0
7	513	173	0	0	0	0
8	511	173	0	0	0	0
9	510	173	0	0	0	0
10	512	174	0	0	0	0
11	512	174	0	0	0	0
12	513	174	0	0	0	0
13	512	175	0	0	0	0
14	512	175	0	0	0	0
15	511	175	0	0	0	0
0	511	176	0	0	0	0
1	508	176	0	0	0	0
2	512	177	0	0	0	0
3	511	177	0	0	0	0
4	512	177	0	0	0	0
5	511	177	0	0	0	0
6	513	178	0	0	0	0
7	510	179	0	0	0	0
8	509	179	0	0	0	0
9	512	179	0	0	0	0
10	510	180	0	0	0	0
11	512	180	0	0	0	0
12	512	181	0	0	0	0
13	512	182	0	0	0	0
14	508	182	0	0	0	0
15	513	182	0	0	0	0
0	511	183	0	0	0	0
1	511	183	0	0	0	0
2	513	183	0	0	0	0
3	510	184	0	0	0	0
4	512	184	0	0	0	0
5	511	184	0	0	0	0
6	511	185	0	0	0	0
7	513	185	0	0	0	0
8	514	186	0	0	0	0
9	508	186	0	0	0	0
10	513	187	0	0	0	0
11	510	187	0	0	0	0
12	509	188	0	0	0	0
13	513	188	0	0	0	0
14	512	188	0	0	0	0
15	511	189	0	0	0	0
0	510	189	0	0	0	0
1	513	190	0	0	0	0
2	512	190	0	0	0	0
3	512	191	0	0	0	0
4	509	191	0	0	0	0
5	514	191	0	0	0	0
6	511	191	0	0	0	0
7	508	192	0	0	0	0
8	509	192	0	0	0	0
9	514	193	0	0	0	0
10	511	193	0	0	0	0
11	511	193	0	0	0	0
12	515	193	0	0	0	0
13	508	194	0	0	0	0
14	511	194	0	0	0	0
15	511	194	0	0	0	0
0	511	195	0	0	0	0
1	512	195	0	0	0	0
2	512	195	0	0	0	0
3	513	195	0	0	0	0
4	512	196	0	0	0	0
5	512	195	0	0	0	0
6	512	196	0	0	0	0
7	512	196	0	0	0	0
8	513	197	0	0	0	0
9	514	196	0	0	0	0
10	510	197	0	0	0	0
11	514	197	0	0	0	0
12	510	197	0	0	0	0
13	513	198	0	0	0	0
14	509	198	0	0	0	0
15	509	198	0	0	0	0
0	513	197	0	0	0	0
1	513	198	0	0	0	0
2	510	198	0	0	0	0
3	511	198	0	0	0	0
4	512	198	0	0	0	0
5	509	199	0	0	0	0
6	512	199	0	0	0	0
7	511	198	0	0	0	0
8	508	198	0	0	0	0
9	513	198	0	0	0	0
10	508	199	0	0	0	0
11	512	198	0	0	0	0
12	511	199	0	0	0	0
13	511	199	0	0	0	0
14	511	199	0	0	0	0
15	512	199	0	0	0	0
0	510	199	0	0	0	0
1	512	199	0	0	0	0
2	513	199	0	0	0	0
3	513	199	0	0	0	0
4	513	199	0	0	0	0
5	509	199	0	0	0	0
6	512	199	0	0	0	0
7	514	199	0	0	0	0
8	513	199	0	0	0	0
9	510	199	0	0	0	0
10	512	199	0	0	0	0
11	510	199	0	0	0	0
12	513	199	0	0	0	0
13	510	199	0	0	0	0
14	514	199	0	0	0	0
15	512	199	0	0	0	0
0	511	199	0	0	0	0
1	510	199	0	0	0	0
2	511	199	0	0	0	0
3	508	198	0	0	0	0
4	511	199	0	0	0	0
5	514	198	0	0	0	0
6	511	199	0	0	0	0
7	510	198	0	0	0	0
8	514	198	0	0	0	0
9	513	198	0	0	0	0
10	513	198	0	0	0	0
11	511	198	0	0	0	0
12	511	198	0	0	0	0
13	513	198	0	0	0	0
14	513	198	0	0	0	0
15	510	198	0	0	0	0
0	515	197	0	0	0	0
1	514	197	0	0	0	0
2	510	197	0	0	0	0
3	511	197	0	0	0	0
4	512	196	0	0	0	0
5	511	196	0	0	0	0
6	510	196	0	0	0	0
7	512	196	0	0	0	0
8	513	195	0	0	0	0
9	512	195	0	0	0	0
10	515	195	0	0	0	0
11	510	195	0	0	0	0
12	510	195	0	0	0	0
13	512	194	0	0	0	0
14	510	194	0	0	0	0
15	510	193	0	0	0	0
0	514	194	0	0	0	0
1	510	193	0	0	0	0
2	510	193	0	0	0	0
3	510	192	0	0	0	0
4	512	192	0	0	0	0
5	511	192	0	0	0	0
6	512	191	0	0	0	0
7	511	191	0	0	0	0
8	512	190	0	0	0	0
9	513	190	0	0	0	0
10	511	190	0	0	0	0
11	511	189	0	0	0	0
12	513	188	0	0	0	0
13	512	188	0	0	0	0
14	511	188	0	0	0	0
15	511	187	0	0	0	0
0	513	187	0	0	0	0
1	509	186	0	0	0	0
2	513	186	0	0	0	0
3	511	185	0	0	0	0
4	512	185	0	0	0	0
5	512	184	0	0	0	0
6	512	184	0	0	0	0
7	512	183	0	0	0	0
8	512	183	0	0	0	0
9	512	182	0	0	0	0
10	510	182	0	0	0	0
11	511	182	0	0	0	0
12	512	180	0	0	0	0
13	514	180	0	0	0	0
14	510	180	0	0	0	0
15	508	180	0	0	0	0
0	509	179	0	0	0	0
1	513	179	0	0	0	0
2	514	178	0	0	0	0
3	512	178	0	0	0	0
4	512	177	0	0	0	0
5	508	177	0	0	0	0
6	512	176	0	0	0	0
7	510	176	0	0	0	0
8	512	176	0	0	0	0
9	510	175	0	0	0	0
10	514	175	0	0	0	0
11	511	174	0	0	0	0
12	513	175	0	0	0	0
13	511	174	0	0	0	0
14	511	174	0	0	0	0
15	510	173	0	0	0	0
0	513	173	0	0	0	0
1	516	173	0	0	0	0
2	510	172	0	0	0	0
3	513	172	0	0	0	0
4	510	172	0	0	0	0
5	514	172	0	0	0	0
6	510	171	0	0	0	0
7	512	171	0	0	0	0
8	515	171	0	0	0	0
9	509	171	0	0	0	0
10	509	170	0	0	0	0
11	511	170	0	0	0	0
12	512	170	0	0	0	0
13	512	169	0	0	0	0
14	510	169	0	0	0	0
15	514	169	0	0	0	0
0	514	169	0	0	0	0
1	511	169	0	0	0	0
2	511	169	0	0	0	0
3	511	168	0	0	0	0
4	511	168	0	0	0	0
5	515	168	0	0	0	0
6	511	168	0	0	0	0
7	510	168	0	0	0	0
8	508	168	0	0	0	0
9	511	168	0	0	0	0
10	510	167	0	0	0	0
11	513	167	0	0	0	0
12	512	167	0	0	0	0
13	510	167	0	0	0	0
14	512	167	0	0	0	0
15	514	167	0	0	0	0
0	512	167	0	0	0	0
1	513	167	0	0	0	0
2	512	167	0	0	0	0
3	512	167	0	0	0	0
4	510	167	0	0	0	0
5	511	167	0	0	0	0
6	511	167	0	0	0	0
7	509	167	0	0	0	0
8	514	167	0	0	0	0
9	512	167	0	0	0	0
10	510	167	0	0	0	0
11	514	167	0	0	0	0
12	512	168	0	0	0	0
13	508	168	0	0	0	0
14	510	168	0	0	0	0
15	510	168	0	0	0	0
0	511	168	0	0	0	0
1	511	168	0	0	0	0
2	513	169	0	0	0	0
3	513	169	0	0	0	0
4	515	169	0	0	0	0
5	508	169	0	0	0	0
6	513	169	0	0	0	0
7	511	169	0	0	0	0
8	512	169	0	0	0	0
9	512	170	0	0	0	0
10	512	170	0	0	0	0
11	511	170	0	0	0	0
12	513	170	0	0	0	0
13	510	170	0	0	0	0
14	510	171	0	0	0	0
15	510	171	0	0	0	0
0	510	171	0	0	0	0
1	514	171	0	0	0	0
2	512	172	0	0	0	0
3	509	172	0	0	0	0
4	514	172	0	0	0	0
5	510	172	0	0	0	0
6	514	172	0	0	0	0
7	508	172	0	0	0	0
8	513	172	0	0	0	0
9	511	173	0	0	0	0
10	511	172	0	0	0	0
11	511	173	0	0	0	0
12	514	172	0	0	0	0
13	508	173	0	0	0	0
14	513	172	0	0	0	0
15	509	173	0	0	0	0
0	510	172	0	0	0	0
1	510	173	0	0	0	0
2	512	172	0	0	0	0
3	512	173	0	0	0	0
4	512	173	0	0	0	0
5	511	173	0	0	0	0
6	511	173	0	0	0	0
7	512	173	0	0	0	0
8	508	173	0	0	0	0
9	511	173	0	0	0	0
10	514	173	0	0	0	0
11	516	173	0	0	0	0
12	510	173	0	0	0	0
13	512	173	0	0	0	0
14	514	173	0	0	0	0
15	509	173	0	0	0	0
0	508	173	0	0	0	0
1	512	173	0	0	0	0
2	510	173	0	0	0	0
3	511	174	0	0	0	0
4	514	174	0	0	0	0
5	510	174	0	0	0	0
6	510	174	0	0	0	0
7	510	174	0	0	0	0
8	512	174	0	0	0	0
9	510	174	0	0	0	0
10	514	175	0	0	0	0
11	512	175	0	0	0	0
12	513	175	0	0	0	0
13	511	175	0	0	0	0
14	507	176	0	0	0	0
15	512	176	0	0	0	0
0	508	176	0	0	0	0
1	512	176	0	0	0	0
2	510	176	0	0	0	0
3	512	176	0	0	0	0
4	511	176	0	0	0	0
5	512	176	0	0	0	0
6	512	177	0	0	0	0
7	511	177	0	0	0	0
8	512	177	0	0	0	0
9	511	177	0	0	0	0
10	516	177	0	0	0	0
11	510	177	0	0	0	0
12	513	177	0	0	0	0
13	514	178	0	0	0	0
14	511	177	0	0	0	0
15	511	177	0	0	0	0
0	508	178	0	0	0	0
1	512	178	0	0	0	0
2	511	178	0	0	0	0
3	514	178	0	0	0	0
4	511	178	0	0	0	0
5	511	178	0	0	0	0
6	511	178	0	0	0	0
7	511	178	0	0	0	0
8	513	178	0	0	0	0
9	512	178	0	0	0	0
10	511	178	0	0	0	0
11	512	178	0	0	0	0
12	510	178	0	0	0	0
13	509	178	0	0	0	0
14	513	178	0	0	0	0
15	513	179	0	0	0	0
0	512	178	0	0	0	0
1	510	178	0	0	0	0
2	512	178	0	0	0	0
3	511	178	0	0	0	0
4	510	178	0	0	0	0
5	508	178	0	0	0	0
6	512	178	0	0	0	0
7	510	179	0	0	0	0
8	511	178	0	0	0	0
9	513	179	0	0	0	0
10	513	178	0	0	0	0
11	513	178	0	0	0	0
12	511	178	0	0	0	0
13	508	178	0	0	0	0
14	512	179	0	0	0	0
15	511	178	0	0	0	0
0	511	178	0	0	0	0
1	511	178	0	0	0	0
2	510	178	0	0	0	0
3	512	178	0	0	0	0
4	515	178	0	0	0	0
5	513	178	0	0	0	0
6	514	178	0	0	0	0
7	510	178	0	0	0	0
8	515	177	0	0	0	0
9	512	177	0	0	0	0
10	511	177	0	0	0	0
11	512	177	0	0	0	0
12	513	177	0	0	0	0
13	512	177	0	0	0	0
14	511	177	0	0	0	0
15	511	177	0	0	0	0
0	512	176	0	0	0	0
1	515	176	0	0	0	0
2	510	176	0	0	0	0
3	512	176	0	0	0	0
4	514	176	0	0	0	0
5	512	176	0	0	0	0
6	510	176	0	0	0	0
7	508	176	0	0	0	0
8	512	176	0	0	0	0
9	513	175	0	0	0	0
10	512	175	0	0	0	0
11	512	175	0	0	0	0
12	511	175	0	0	0	0
13	512	175	0	0	0	0
14	512	175	0	0	0	0
15	508	175	0	0	0	0
0	511	175	0	0	0	0
1	511	175	0	0	0	0
2	508	174	0	0	0	0
3	511	175	0	0	0	0
4	512	174	0	0	0	0
5	511	175	0	0	0	0
6	511	174	0	0	0	0
7	510	174	0	0	0	0
8	512	174	0	0	0	0
9	511	174	0	0	0	0
10	510	174	0	0	0	0
11	513	174	0	0	0	0
12	511	174	0	0	0	0
13	511	173	0	0	0	0
14	513	174	0	0	0	0
15	511	173	0	0	0	0
0	512	173	0	0	0	0
1	513	173	0	0	0	0
2	510	173	0	0	0	0
3	514	173	0	0	0	0
4	508	173	0	0	0	0
5	511	173	0	0	0	0
6	510	172	0	0	0	0
7	511	173	0	0	0	0
8	511	173	0	0	0	0
9	511	173	0	0	0	0
10	511	172	0	0	0	0
11	512	172	0	0	0	0
12	508	172	0	0	0	0
13	512	172	0	0	0	0
14	511	172	0	0	0	0
15	508	172	0	0	0	0
0	508	172	0	0	0	0
1	509	172	0	0	0	0
2	513	172	0	0	0	0
3	513	172	0	0	0	0
4	513	172	0	0	0	0
5	511	171	0	0	0	0
6	511	171	0	0	0	0
7	513	171	0	0	0	0
8	509	171	0	0	0	0
9	511	171	0	0	0	0
10	511	171	0	0	0	0
11	511	170	0	0	0	0
12	514	170	0	0	0	0
13	511	170	0	0	0	0
14	512	170	0	0	0	0
15	513	170	0	0	0	0
0	511	169	0	0	0	0
1	509	170	0	0	0	0
2	511	169	0	0	0	0
3	511	170	0	0	0	0
4	509	169	0	0	0	0
5	510	169	0	0	0	0
6	510	169	0	0	0	0
7	510	169	0	0	0	0
8	513	169	0	0	0	0
9	514	169	0	0	0	0
10	510	168	0	0	0	0
11	513	169	0	0	0	0
12	512	169	0	0	0	0
13	510	168	0	0	0	0
14	508	168	0	0	0	0
15	512	168	0	0	0	0
0	511	168	0	0	0	0
1	511	168	0	0	0	0
2	512	168	0	0	0	0
3	515	168	0	0	0	0
4	511	168	0	0	0	0
5	510	168	0	0	0	0
6	510	168	0	0	0	0
7	512	168	0	0	0	0
8	511	167	0	0	0	0
9	510	168	0	0	0	0
10	510	167	0	0	0	0
11	511	168	0	0	0	0
12	515	167	0	0	0	0
13	510	168	0	0	0	0
14	511	167	0	0	0	0
15	513	167	0	0	0	0
0	512	167	0	0	0	0
1	512	167	0	0	0	0
2	513	167	0	0	0	0
3	510	167	0	0	0	0
4	512	167	0	0	0	0
5	511	167	0	0	0	0
6	515	168	0	0	0	0
7	513	167	0	0	0	0
8	511	167	0	0	0	0
9	511	167	0	0	0	0
10	507	167	0	0	0	0
11	507	167	0	0	0	0
12	515	167	0	0	0	0
13	511	167	0	0	0	0
14	511	167	0	0	0	0
15	512	167	0	0	0	0
0	510	167	0	0	0	0
1	512	167	0	0	0	0
2	513	167	0	0	0	0
3	511	167	0	0	0	0
4	512	167	0	0	0	0
5	512	167	0	0	0	0
6	511	167	0	0	0	0
7	512	167	0	0	0	0
8	512	167	0	0	0	0
9	512	167	0	0	0	0
10	510	167	0	0	0	0
11	509	167	0	0	0	0
12	513	167	0	0	0	0
13	512	167	0	0	0	0
14	513	167	0	0	0	0
15	512	167	0	0	0	0
0	510	167	0	0	0	0
1	514	167	0	0	0	0
2	512	167	0	0	0	0
3	513	167	0	0	0	0
4	511	168	0	0	0	0
5	511	167	0	0	0	0
6	512	167	0	0	0	0
7	512	167	0	0	0	0
8	511	167	0	0	0	0
9	512	167	0	0	0	0
10	510	167	0	0	0	0
11	510	167	0	0	0	0
12	512	167	0	0	0	0
13	510	167	0	0	0	0
14	512	167	0	0	0	0
15	509	167	0	0	0	0
0	512	167	0	0	0	0
1	515	167	0	0	0	0
2	512	167	0	0	0	0
3	510	167	0	0	0	0
4	512	167	0	0	0	0
5	510	167	0	0	0	0
6	510	167	0	0	0	0
7	512	167	0	0	0	0
8	508	167	0	0	0	0
9	510	167	0	0	0	0
10	513	167	0	0	0	0
11	512	167	0	0	0	0
12	512	167	0	0	0	0
13	510	167	0	0	0	0
14	511	167	0	0	0	0
15	515	167	0	0	0	0
0	513	167	0	0	0	0
1	509	167	0	0	0	0
2	512	167	0	0	0	0
3	514	167	0	0	0	0
4	510	167	0	0	0	0
5	510	167	0	0	0	0
6	511	167	0	0	0	0
7	512	167	0	0	0	0
8	511	167	0	0	0	0
9	511	167	0	0	0	0
10	513	167	0	0	0	0
11	511	167	0	0	0	0
12	513	167	0	0	0	0
13	512	167	0	0	0	0
14	513	167	0	0	0	0
15	512	167	0	0	0	0
0	510	167	0	0	0	0
1	508	167	0	0	0	0
2	512	167	0	0	0	0
3	510	167	0	0	0	0
4	510	167	0	0	0	0
5	512	167	0	0	0	0
6	516	167	0	0	0	0
7	510	167	0	0	0	0
8	513	167	0	0	0	0
9	510	167	0	0	0	0
10	512	167	0	0	0	0
11	513	167	0	0	0	0
12	509	167	0	0	0	0
13	510	167	0	0	0	0
14	512	167	0	0	0	0
15	509	167	0	0	0	0
0	510	167	0	0	0	0
1	511	167	0	0	0	0
2	511	167	0	0	0	0
3	512	167	0	0	0	0
4	511	167	0	0	0	0
5	511	167	0	0	0	0
6	510	167	0	0	0	0
7	511	167	0	0	0	0
8	512	167	0	0	0	0
9	510	167	0	0	0	0
10	512	167	0	0	0	0
11	510	167	0	0	0	0
12	509	167	0	0	0	0
13	514	167	0	0	0	0
14	508	167	0	0	0	0
15	512	167	0	0	0	0
0	512	167	0	0	0	0
1	511	167	0	0	0	0
2	512	167	0	0	0	0
3	513	167	0	0	0	0
4	511	167	0	0	0	0
5	511	168	0	0	0	0
6	512	168	0	0	0	0
7	512	168	0	0	0	0
8	508	168	0	0	0	0
9	511	168	0	0	0	0
10	511	168	0	0	0	0
11	511	168	0	0	0	0
12	511	168	0	0	0	0
13	510	168	0	0	0	0
14	512	169	0	0	0	0
15	511	168	0	0	0	0
0	512	169	0	0	0	0
1	508	169	0	0	0	0
2	511	169	0	0	0	0
3	511	169	0	0	0	0
4	512	169	0	0	0	0
5	512	169	0	0	0	0
6	513	169	0	0	0	0
7	512	170	0	0	0	0
8	511	170	0	0	0	0
9	511	170	0	0	0	0
10	513	170	0	0	0	0
11	510	170	0	0	0	0
12	512	170	0	0	0	0
13	511	171	0	0	0	0
14	511	171	0	0	0	0
15	512	171	0	0	0	0
0	514	171	0	0	0	0
1	510	171	0	0	0	0
2	511	171	0	0	0	0
3	512	171	0	0	0	0
4	513	172	0	0	0	0
5	513	172	0	0	0	0
6	512	172	0	0	0	0
7	511	172	0	0	0	0
8	511	172	0	0	0	0
9	510	173	0	0	0	0
10	512	173	0	0	0	0
11	512	173	0	0	0	0
12	511	173	0	0	0	0
13	512	174	0	0	0	0
14	512	174	0	0	0	0
15	509	174	0	0	0	0
0	512	174	0	0	0	0
1	508	175	0	0	0	0
2	511	175	0	0	0	0
3	513	175	0	0	0	0
4	512	175	0	0	0	0
5	511	176	0	0	0	0
6	510	176	0	0	0	0
7	511	176	0	0	0	0
8	513	176	0	0	0	0
9	512	176	0	0	0	0
10	512	177	0	0	0	0
11	513	177	0	0	0	0
12	514	177	0	0	0	0
13	514	177	0	0	0	0
14	508	178	0	0	0	0
15	514	178	0	0	0	0
0	510	179	0	0	0	0
1	511	179	0	0	0	0
2	511	179	0	0	0	0
3	513	179	0	0	0	0
4	509	180	0	0	0	0
5	512	180	0	0	0	0
6	513	181	0	0	0	0
7	508	181	0	0	0	0
8	509	181	0	0	0	0
9	512	181	0	0	0	0
10	513	181	0	0	0	0
11	512	182	0	0	0	0
12	513	182	0	0	0	0
13	510	182	0	0	0	0
14	511	182	0	0	0	0
15	512	183	0	0	0	0
0	512	183	0	0	0	0
1	512	183	0	0	0	0
2	508	184	0	0	0	0
3	516	184	0	0	0	0
4	509	184	0	0	0	0
5	512	184	0	0	0	0
6	516	185	0	0	0	0
7	510	185	0	0	0	0
8	512	185	0	0	0	0
9	510	185	0	0	0	0
10	512	186	0	0	0	0
11	510	186	0	0	0	0
12	511	187	0	0	0	0
13	512	187	0	0	0	0
14	514	187	0	0	0	0
15	510	188	0	0	0	0
0	511	188	0	0	0	0
1	510	188	0	0	0	0
2	509	188	0	0	0	0
3	512	189	0	0	0	0
4	513	189	0	0	0	0
5	512	190	0	0	0	0
6	511	190	0	0	0	0
7	513	190	0	0	0	0
8	512	191	0	0	0	0
9	514	191	0	0	0	0
10	510	191	0	0	0	0
11	512	191	0	0	0	0
12	509	192	0	0	0	0
13	508	192	0	0	0	0
14	511	192	0	0	0	0
15	512	192	0	0	0	0
0	513	193	0	0	0	0
1	512	193	0	0	0	0
2	511	193	0	0	0	0
3	512	193	0	0	0	0
4	511	194	0	0	0	0
5	510	194	0	0	0	0
6	511	194	0	0	0	0
7	512	195	0	0	0	0
8	513	194	0	0	0	0
9	512	195	0	0	0	0
10	511	195	0	0	0	0
11	511	195	0	0	0	0
12	511	195	0	0	0	0
13	515	195	0	0	0	0
14	511	196	0	0	0	0
15	512	196	0	0	0	0
0	508	196	0	0	0	0
1	511	196	0	0	0	0
2	511	197	0	0	0	0
3	512	196	0	0	0	0
4	512	197	0	0	0	0
5	511	197	0	0	0	0
6	510	197	0	0	0	0
7	511	197	0	0	0	0
8	510	197	0	0	0	0
9	512	197	0	0	0	0
10	509	197	0	0	0	0
11	510	198	0	0	0	0
12	512	197	0	0	0	0
13	512	198	0	0	0	0
14	510	198	0	0	0	0
15	512	198	0	0	0	0
0	512	198	0	0	0	0
1	513	198	0	0	0	0
2	509	198	0	0	0	0
3	511	198	0	0	0	0
4	508	198	0	0	0	0
5	511	199	0	0	0	0
6	509	199	0	0	0	0
7	509	199	0	0	0	0
8	514	199	0	0	0	0
9	512	198	0	0	0	0
10	508	199	0	0	0	0
11	513	199	0	0	0	0
12	513	199	0	0	0	0
13	510	199	0	0	0	0
14	511	199	0	0	0	0
15	512	199	0	0	0	0
0	509	199	0	0	0	0
1	510	199	0	0	0	0
2	511	199	0	0	0	0
3	510	199	0	0	0	0
4	511	199	0	0	0	0
5	513	199	0	0	0	0
6	511	199	0	0	0	0
7	513	199	0	0	0	0
8	512	199	0	0	0	0
9	509	199	0	0	0	0
10	510	199	0	0	0	0
11	513	199	0	0	0	0
12	511	199	0	0	0	0
13	512	199	0	0	0	0
14	511	198	0	0	0	0
15	510	198	0	0	0	0
0	510	198	0	0	0	0
1	510	198	0	0	0	0
2	510	198	0	0	0	0
3	511	197	0	0	0	0
4	510	198	0	0	0	0
5	513	197	0	0	0	0
6	512	197	0	0	0	0
7	511	197	0	0	0	0
8	510	197	0	0	0	0
9	510	196	0	0	0	0
10	512	196	0	0	0	0
11	512	196	0	0	0	0
12	511	196	0	0	0	0
13	514	196	0	0	0	0
14	511	195	0	0	0	0
15	513	195	0	0	0	0
0	512	195	0	0	0	0
1	510	195	0	0	0	0
2	512	195	0	0	0	0
3	513	195	0	0	0	0
4	512	195	0	0	0	0
5	511	194	0	0	0	0
6	510	194	0	0	0	0
7	510	194	0	0	0	0
8	508	194	0	0	0	0
9	510	194	0	0	0	0
10	512	194	0	0	0	0
11	513	193	0	0	0	0
12	512	193	0	0	0	0
13	513	193	0	0	0	0
14	514	193	0	0	0	0
15	512	192	0	0	0	0
0	508	192	0	0	0	0
1	511	192	0	0	0	0
2	511	192	0	0	0	0
3	510	191	0	0	0	0
4	510	191	0	0	0	0
5	511	191	0	0	0	0
6	512	190	0	0	0	0
7	510	191	0	0	0	0
8	512	190	0	0	0	0
9	511	190	0	0	0	0
10	512	189	0	0	0	0
11	515	189	0	0	0	0
12	513	188	0	0	0	0
13	512	188	0	0	0	0
14	512	188	0	0	0	0
15	511	187	0	0	0	0

