0	513	21	0	0	0	0
1	512	21	0	0	0	0
2	511	22	0	0	0	0
3	515	22	0	0	0	0
4	514	22	0	0	0	0
5	507	22	0	0	0	0
6	506	22	0	0	0	0
7	511	22	0	0	0	0
8	517	22	0	0	0	0
9	518	22	0	0	0	0
10	512	22	0	0	0	0
11	513	22	0	0	0	0
12	516	22	0	0	0	0
13	509	23	0	0	0	0
14	515	22	0	0	0	0
15	510	22	0	0	0	0
0	511	23	0	0	0	0
1	510	23	0	0	0	0
2	513	23	0	0	0	0
3	511	23	0	0	0	0
4	511	23	0	0	0	0
5	511	23	0	0	0	0
6	512	23	0	0	0	0
7	513	23	0	0	0	0
8	509	23	0	0	0	0
9	513	23	0	0	0	0
10	515	23	0	0	0	0
11	509	23	0	0	0	0
12	511	23	0	0	0	0
13	512	23	0	0	0	0
14	513	23	0	0	0	0
15	517	23	0	0	0	0
0	513	23	0	0	0	0
1	512	23	0	0	0	0
2	515	23	0	0	0	0
3	513	23	0	0	0	0
4	512	23	0	0	0	0
5	512	23	0	0	0	0
6	512	23	0	0	0	0
7	516	22	0	0	0	0
8	518	23	0	0	0	0
9	512	22	0	0	0	0
10	507	22	0	0	0	0
11	507	22	0	0	0	0
12	510	22	0	0	0	0
13	512	22	0	0	0	0
14	513	22	0	0	0	0
15	514	22	0	0	0	0
0	515	22	0	0	0	0
1	513	22	0	0	0	0
2	517	21	0	0	0	0
3	509	21	0	0	0	0
4	512	21	0	0	0	0
5	510	21	0	0	0	0
6	522	21	0	0	0	0
7	516	21	0	0	0	0
8	507	21	0	0	0	0
9	507	21	0	0	0	0
10	515	21	0	0	0	0
11	512	20	0	0	0	0
12	509	20	0	0	0	0
13	515	20	0	0	0	0
14	510	20	0	0	0	0
15	517	20	0	0	0	0
0	516	20	0	0	0	0
1	511	20	0	0	0	0
2	510	20	0	0	0	0
3	504	20	0	0	0	0
4	508	19	0	0	0	0
5	511	19	0	0	0	0
6	513	19	0	0	0	0
7	512	19	0	0	0	0
8	509	19	0	0	0	0
9	515	19	0	0	0	0
10	524	19	0	0	0	0
11	509	19	0	0	0	0
12	512	19	0	0	0	0
13	515	19	0	0	0	0
14	509	18	0	0	0	0
15	508	18	0	0	0	0
0	519	18	0	0	0	0
1	521	18	0	0	0	0
2	518	19	0	0	0	0
3	510	18	0	0	0	0
4	498	18	0	0	0	0
5	511	18	0	0	0	0
6	508	18	0	0	0	0
7	508	17	0	0	0	0
8	523	18	0	0	0	0
9	514	17	0	0	0	0
10	506	17	0	0	0	0
11	506	17	0	0	0	0
12	513	17	0	0	0	0
13	515	17	0	0	0	0
14	511	17	0	0	0	0
15	508	17	0	0	0	0
0	516	17	0	0	0	0
1	540	17	0	0	0	0
2	515	17	0	0	0	0
3	508	17	0	0	0	0
4	497	17	0	0	0	0
5	501	17	0	0	0	0
6	522	17	0	0	0	0
7	530	17	0	0	0	0
8	516	17	0	0	0	0
9	502	17	0	0	0	0
10	531	17	0	0	0	0
11	497	17	0	0	0	0
12	502	18	0	0	0	0
13	505	18	0	0	0	0
14	515	18	0	0	0	0
15	510	18	0	0	0	0
0	510	18	0	0	0	0
1	512	18	0	0	0	0
2	515	18	0	0	0	0
3	529	19	0	0	0	0
4	521	19	0	0	0	0
5	513	19	0	0	0	0
6	504	19	0	0	0	0
7	500	19	0	0	0	0
8	512	19	0	0	0	0
9	517	19	0	0	0	0
10	530	19	0	0	0	0
11	513	19	0	0	0	0
12	510	19	0	0	0	0
13	505	19	0	0	0	0
14	511	19	0	0	0	0
15	510	20	0	0	0	0
0	513	20	0	0	0	0
1	508	20	0	0	0	0
2	513	20	0	0	0	0
3	508	20	0	0	0	0
4	506	20	0	0	0	0
5	511	20	0	0	0	0
6	516	20	0	0	0	0
7	516	20	0	0	0	0
8	511	20	0	0	0	0
9	512	20	0	0	0	0
10	506	21	0	0	0	0
11	514	20	0	0	0	0
12	512	21	0	0	0	0
13	516	21	0	0	0	0
14	513	21	0	0	0	0
15	509	21	0	0	0	0
0	522	21	0	0	0	0
1	510	21	0	0	0	0
2	511	22	0	0	0	0
3	512	22	0	0	0	0
4	513	22	0	0	0	0
5	515	22	0	0	0	0
6	515	22	0	0	0	0
7	516	22	0	0	0	0
8	511	22	0	0	0	0
9	517	22	0	0	0	0
10	508	23	0	0	0	0
11	510	23	0	0	0	0
12	509	23	0	0	0	0
13	512	23	0	0	0	0
14	515	23	0	0	0	0
15	511	23	0	0	0	0
0	511	23	0	0	0	0
1	507	23	0	0	0	0
2	510	23	0	0	0	0
3	515	23	0	0	0	0
4	516	23	0	0	0	0
5	512	23	0	0	0	0
6	514	23	0	0	0	0
7	515	23	0	0	0	0
8	518	24	0	0	0	0
9	512	23	0	0	0	0
10	506	23	0	0	0	0
11	505	24	0	0	0	0
12	521	24	0	0	0	0
13	528	24	0	0	0	0
14	518	24	0	0	0	0
15	512	24	0	0	0	0
0	509	24	0	0	0	0
1	512	23	0	0	0	0
2	516	22	0	0	0	0
3	515	22	0	0	0	0
4	511	22	0	0	0	0
5	511	22	0	0	0	0
6	504	22	0	0	0	0
7	507	21	0	0	0	0
8	498	21	0	0	0	0
9	511	22	0	0	0	0
10	505	22	0	0	0	0
11	497	22	0	0	0	0
12	492	22	0	0	0	0
13	502	22	0	0	0	0
14	506	21	0	0	0	0
15	506	21	0	0	0	0
0	504	21	0	0	0	0
1	504	21	0	0	0	0
2	509	21	0	0	0	0
3	504	21	0	0	0	0
4	501	21	0	0	0	0
5	500	21	0	0	0	0
6	500	20	0	0	0	0
7	503	20	0	0	0	0
8	502	20	0	0	0	0
9	499	20	0	0	0	0
10	500	20	0	0	0	0
11	505	20	0	0	0	0
12	512	20	0	0	0	0
13	512	20	0	0	0	0
14	509	20	0	0	0	0
15	489	20	0	0	0	0
0	479	20	0	0	0	0
1	513	20	0	0	0	0
2	535	20	0	0	0	0
3	539	20	0	0	0	0
4	525	19	0	0	0	0
5	515	19	0	0	0	0
6	515	19	0	0	0	0
7	506	19	0	0	0	0
8	511	19	0	0	0	0
9	510	19	0	0	0	0
10	511	19	0	0	0	0
11	510	19	0	0	0	0
12	510	19	0	0	0	0
13	515	19	0	0	0	0
14	508	19	0	0	0	0
15	520	19	0	0	0	0
0	521	19	0	0	0	0
1	510	18	0	0	0	0
2	519	19	0	0	0	0
3	512	19	0	0	0	0
4	509	19	0	0	0	0
5	511	19	0	0	0	0
6	513	19	0	0	0	0
7	516	18	0	0	0	0
8	513	19	0	0	0	0
9	515	19	0	0	0	0
10	512	19	0	0	0	0
11	512	19	0	0	0	0
12	513	19	0	0	0	0
13	516	19	0	0	0	0
14	515	19	0	0	0	0
15	520	19	0	0	0	0
0	510	19	0	0	0	0
1	515	19	0	0	0	0
2	510	19	0	0	0	0
3	508	19	0	0	0	0
4	513	19	0	0	0	0
5	505	19	0	0	0	0
6	512	19	0	0	0	0
7	504	20	0	0	0	0
8	511	20	0	0	0	0
9	515	20	0	0	0	0
10	515	20	0	0	0	0
11	514	20	0	0	0	0
12	510	20	0	0	0	0
13	515	20	0	0	0	0
14	508	21	0	0	0	0
15	492	21	0	0	0	0
0	524	21	0	0	0	0
1	522	21	0	0	0	0
2	519	21	0	0	0	0
3	515	21	0	0	0	0
4	509	22	0	0	0	0
5	512	22	0	0	0	0
6	512	22	0	0	0	0
7	513	22	0	0	0	0
8	517	22	0	0	0	0
9	512	22	0	0	0	0
10	513	22	0	0	0	0
11	515	23	0	0	0	0
12	515	23	0	0	0	0
13	512	23	0	0	0	0
14	507	23	0	0	0	0
15	512	23	0	0	0	0
0	510	23	0	0	0	0
1	511	23	0	0	0	0
2	512	23	0	0	0	0
3	516	23	0	0	0	0
4	515	24	0	0	0	0
5	508	24	0	0	0	0
6	518	24	0	0	0	0
7	495	24	0	0	0	0
8	525	24	0	0	0	0
9	526	24	0	0	0	0
10	507	24	0	0	0	0
11	510	24	0	0	0	0
12	514	24	0	0	0	0
13	513	24	0	0	0	0
14	513	24	0	0	0	0
15	511	24	0	0	0	0
0	512	24	0	0	0	0
1	515	24	0	0	0	0
2	514	24	0	0	0	0
3	517	24	0	0	0	0
4	516	23	0	0	0	0
5	508	24	0	0	0	0
6	510	24	0	0	0	0
7	511	24	0	0	0	0
8	516	23	0	0	0	0
9	512	23	0	0	0	0
10	513	23	0	0	0	0
11	518	23	0	0	0	0
12	519	23	0	0	0	0
13	507	22	0	0	0	0
14	494	21	0	0	0	0
15	506	21	0	0	0	0
0	523	21	0	0	0	0
1	523	21	0	0	0	0
2	516	21	0	0	0	0
3	495	20	0	0	0	0
4	505	19	0	0	0	0
5	508	18	0	0	0	0
6	515	16	0	0	0	0
7	493	14	0	0	0	0
8	494	14	0	0	0	0
9	511	12	0	0	0	0
10	524	11	0	0	0	0
11	533	19	0	0	0	0
12	523	19	0	0	0	0
13	518	19	0	0	0	0
14	522	19	0	0	0	0
15	517	18	0	0	0	0
0	519	17	0	0	0	0
1	503	18	0	0	0	0
2	487	18	0	0	0	0
3	510	18	0	0	0	0
4	515	18	0	0	0	0
5	512	17	0	0	0	0
6	502	17	0	0	0	0
7	509	15	0	0	0	0
8	509	16	0	0	0	0
9	514	15	0	0	0	0
10	520	15	0	0	0	0
11	515	14	0	0	0	0
12	512	13	0	0	0	0
13	513	12	0	0	0	0
14	509	10	0	0	0	0
15	513	3	0	0	0	0
0	512	1	0	0	0	0
1	515	1	0	0	0	0
2	512	7	0	0	0	0
3	513	13	0	0	0	0
4	512	13	0	0	0	0
5	512	14	0	0	0	0
6	512	14	0	0	0	0
7	513	14	0	0	0	0
8	512	12	0	0	0	0
9	515	13	0	0	0	0
10	511	14	0	0	0	0
11	513	14	0	0	0	0
12	510	14	0	0	0	0
13	512	13	0	0	0	0
14	513	14	0	0	0	0
15	514	14	0	0	0	0
0	512	13	0	0	0	0
1	511	13	0	0	0	0
2	514	13	0	0	0	0
3	510	12	0	0	0	0
4	511	14	0	0	0	0
5	512	15	0	0	0	0
6	515	16	0	0	0	0
7	515	17	0	0	0	0
8	512	17	0	0	0	0
9	509	17	0	0	0	0
10	511	17	0	0	0	0
11	512	20	0	0	0	0
12	513	21	0	0	0	0
13	510	21	0	0	0	0
14	512	22	0	0	0	0
15	509	22	0	0	0	0
0	510	22	0	0	0	0
1	515	23	0	0	0	0
2	513	23	0	0	0	0
3	511	23	0	0	0	0
4	513	24	0	0	0	0
5	513	23	0	0	0	0
6	510	24	0	0	0	0
7	511	24	0	0	0	0
8	512	24	0	0	0	0
9	508	24	0	0	0	0
10	508	24	0	0	0	0
11	510	24	0	0	0	0
12	513	24	0	0	0	0
13	511	24	0	0	0	0
14	515	26	0	0	0	0
15	511	26	0	0	0	0
0	508	25	0	0	0	0
1	511	25	0	0	0	0
2	511	25	0	0	0	0
3	511	25	0	0	0	0
4	510	24	0	0	0	0
5	508	25	0	0	0	0
6	515	23	0	0	0	0
7	512	25	0	0	0	0
8	512	25	0	0	0	0
9	518	21	0	0	0	0
10	513	21	0	0	0	0
11	509	21	0	0	0	0
12	514	19	0	0	0	0
13	512	21	0	0	0	0
14	508	21	0	0	0	0
15	510	16	0	0	0	0
0	509	20	0	0	0	0
1	512	21	0	0	0	0
2	512	17	0	0	0	0
3	514	20	0	0	0	0
4	513	22	0	0	0	0
5	512	16	0	0	0	0
6	512	19	0	0	0	0
7	511	20	0	0	0	0
8	509	16	0	0	0	0
9	511	20	0	0	0	0
10	515	22	0	0	0	0
11	512	20	0	0	0	0
12	512	22	0	0	0	0
13	512	22	0	0	0	0
14	510	22	0	0	0	0
15	512	21	0	0	0	0
0	512	21	0	0	0	0
1	511	21	0	0	0	0
2	512	21	0	0	0	0
3	514	21	0	0	0	0
4	514	21	0	0	0	0
5	507	21	0	0	0	0
6	512	22	0	0	0	0
7	511	22	0	0	0	0
8	512	22	0	0	0	0
9	514	21	0	0	0	0
10	510	21	0	0	0	0
11	513	21	0	0	0	0
12	512	21	0	0	0	0
13	515	21	0	0	0	0
14	513	21	0	0	0	0
15	512	21	0	0	0	0
0	514	20	0	0	0	0
1	513	20	0	0	0	0
2	508	21	0	0	0	0
3	511	20	0	0	0	0
4	515	20	0	0	0	0
5	512	20	0	0	0	0
6	510	20	0	0	0	0
7	510	20	0	0	0	0
8	512	20	0	0	0	0
9	512	20	0	0	0	0
10	511	20	0	0	0	0
11	515	20	0	0	0	0
12	515	20	0	0	0	0
13	513	20	0	0	0	0
14	511	20	0	0	0	0
15	512	20	0	0	0	0
0	510	19	0	0	0	0
1	511	19	0	0	0	0
2	511	19	0	0	0	0
3	509	19	0	0	0	0
4	512	19	0	0	0	0
5	510	19	0	0	0	0
6	513	19	0	0	0	0
7	512	18	0	0	0	0
8	512	18	0	0	0	0
9	511	18	0	0	0	0
10	512	18	0	0	0	0
11	510	18	0	0	0	0
12	511	18	0	0	0	0
13	513	18	0	0	0	0
14	513	18	0	0	0	0
15	512	18	0	0	0	0
0	511	18	0	0	0	0
1	510	18	0	0	0	0
2	513	18	0	0	0	0
3	514	18	0	0	0	0
4	510	18	0	0	0	0
5	510	18	0	0	0	0
6	511	18	0	0	0	0
7	513	17	0	0	0	0
8	513	18	0	0	0	0
9	513	17	0	0	0	0
10	514	18	0	0	0	0
11	510	17	0	0	0	0
12	515	18	0	0	0	0
13	509	18	0	0	0	0
14	512	18	0	0	0	0
15	507	18	0	0	0	0
0	508	18	0	0	0	0
1	509	18	0	0	0	0
2	509	18	0	0	0	0
3	508	18	0	0	0	0
4	511	18	0	0	0	0
5	511	18	0	0	0	0
6	512	18	0	0	0	0
7	511	18	0	0	0	0
8	514	18	0	0	0	0
9	514	18	0	0	0	0
10	514	19	0	0	0	0
11	512	19	0	0	0	0
12	514	19	0	0	0	0
13	513	19	0	0	0	0
14	513	19	0	0	0	0
15	512	19	0	0	0	0
0	512	19	0	0	0	0
1	512	19	0	0	0	0
2	512	19	0	0	0	0
3	511	19	0	0	0	0
4	512	19	0	0	0	0
5	510	20	0	0	0	0
6	508	20	0	0	0	0
7	511	20	0	0	0	0
8	511	20	0	0	0	0
9	511	20	0	0	0	0
10	512	20	0	0	0	0
11	511	20	0	0	0	0
12	512	20	0	0	0	0
13	511	20	0	0	0	0
14	511	21	0	0	0	0
15	509	21	0	0	0	0
0	510	21	0	0	0	0
1	506	21	0	0	0	0
2	510	21	0	0	0	0
3	513	21	0	0	0	0
4	515	22	0	0	0	0
5	512	22	0	0	0	0
6	511	22	0	0	0	0
7	513	22	0	0	0	0
8	512	22	0	0	0	0
9	513	22	0	0	0	0
10	511	22	0	0	0	0
11	512	22	0	0	0	0
12	509	22	0	0	0	0
13	510	22	0	0	0	0
14	513	22	0	0	0	0
15	512	22	0	0	0	0
0	513	22	0	0	0	0
1	512	22	0	0	0	0
2	514	22	0	0	0	0
3	511	23	0	0	0	0
4	512	23	0	0	0	0
5	516	22	0	0	0	0
6	512	23	0	0	0	0
7	507	22	0	0	0	0
8	508	22	0	0	0	0
9	505	22	0	0	0	0
10	513	22	0	0	0	0
11	513	22	0	0	0	0
12	511	22	0	0	0	0
13	514	22	0	0	0	0
14	513	22	0	0	0	0
15	508	22	0	0	0	0
0	511	22	0	0	0	0
1	512	22	0	0	0	0
2	508	22	0	0	0	0
3	510	22	0	0	0	0
4	510	22	0	0	0	0
5	511	22	0	0	0	0
6	512	22	0	0	0	0
7	512	22	0	0	0	0
8	515	22	0	0	0	0
9	511	22	0	0	0	0
10	512	22	0	0	0	0
11	511	22	0	0	0	0
12	509	22	0	0	0	0
13	511	22	0	0	0	0
14	512	22	0	0	0	0
15	515	22	0	0	0	0
0	510	22	0	0	0	0
1	513	22	0	0	0	0
2	511	22	0	0	0	0
3	510	22	0	0	0	0
4	511	22	0	0	0	0
5	506	22	0	0	0	0
6	508	22	0	0	0	0
7	513	22	0	0	0	0
8	513	22	0	0	0	0
9	511	21	0	0	0	0
10	513	21	0	0	0	0
11	513	21	0	0	0	0
12	510	21	0	0	0	0
13	508	21	0	0	0	0
14	506	21	0	0	0	0
15	512	21	0	0	0	0
0	510	21	0	0	0	0
1	508	21	0	0	0	0
2	510	20	0	0	0	0
3	512	20	0	0	0	0
4	515	20	0	0	0	0
5	512	20	0	0	0	0
6	514	20	0	0	0	0
7	509	20	0	0	0	0
8	508	20	0	0	0	0
9	511	20	0	0	0	0
10	513	20	0	0	0	0
11	514	20	0	0	0	0
12	514	20	0	0	0	0
13	512	20	0	0	0	0
14	515	20	0	0	0	0
15	510	19	0	0	0	0
0	512	19	0	0	0	0
1	510	19	0	0	0	0
2	511	19	0	0	0	0
3	512	19	0	0	0	0
4	511	19	0	0	0	0
5	510	19	0	0	0	0
6	508	19	0	0	0	0
7	510	19	0	0	0	0
8	510	19	0	0	0	0
9	511	19	0	0	0	0
10	508	19	0	0	0	0
11	505	19	0	0	0	0
12	507	19	0	0	0	0
13	513	18	0	0	0	0
14	515	18	0	0	0	0
15	518	18	0	0	0	0
0	515	18	0	0	0	0
1	512	18	0	0	0	0
2	513	18	0	0	0	0
3	514	18	0	0	0	0
4	514	18	0	0	0	0
5	512	18	0	0	0	0
6	507	18	0	0	0	0
7	506	18	0	0	0	0
8	512	18	0	0	0	0
9	507	18	0	0	0	0
10	511	18	0	0	0	0
11	513	18	0	0	0	0
12	514	18	0	0	0	0
13	512	17	0	0	0	0
14	515	17	0	0	0	0
15	512	17	0	0	0	0
0	513	17	0	0	0	0
1	512	17	0	0	0	0
2	514	17	0	0	0	0
3	512	17	0	0	0	0
4	512	17	0	0	0	0
5	512	17	0	0	0	0
6	515	17	0	0	0	0
7	512	17	0	0	0	0
8	512	17	0	0	0	0
9	514	17	0	0	0	0
10	513	17	0	0	0	0
11	511	18	0	0	0	0
12	511	18	0	0	0	0
13	513	18	0	0	0	0
14	511	18	0	0	0	0
15	511	18	0	0	0	0
0	512	18	0	0	0	0
1	513	18	0	0	0	0
2	508	18	0	0	0	0
3	505	18	0	0	0	0
4	510	18	0	0	0	0
5	513	18	0	0	0	0
6	512	18	0	0	0	0
7	508	18	0	0	0	0
8	511	18	0	0	0	0
9	508	19	0	0	0	0
10	512	19	0	0	0	0
11	511	19	0	0	0	0
12	513	19	0	0	0	0
13	515	19	0	0	0	0
14	511	19	0	0	0	0
15	510	19	0	0	0	0
0	509	19	0	0	0	0
1	510	19	0	0	0	0
2	511	19	0	0	0	0
3	510	19	0	0	0	0
4	511	19	0	0	0	0
5	510	19	0	0	0	0
6	511	19	0	0	0	0
7	512	19	0	0	0	0
8	512	20	0	0	0	0
9	512	20	0	0	0	0
10	513	20	0	0	0	0
11	512	20	0	0	0	0
12	512	20	0	0	0	0
13	511	20	0	0	0	0
14	510	20	0	0	0	0
15	510	20	0	0	0	0
0	512	20	0	0	0	0
1	512	21	0	0	0	0
2	512	21	0	0	0	0
3	515	21	0	0	0	0
4	512	21	0	0	0	0
5	501	21	0	0	0	0
6	506	21	0	0	0	0
7	511	21	0	0	0	0
8	514	21	0	0	0	0
9	516	21	0	0	0	0
10	517	22	0	0	0	0
11	515	22	0	0	0	0
12	512	22	0	0	0	0
13	513	22	0	0	0	0
14	514	22	0	0	0	0
15	512	22	0	0	0	0
0	509	22	0	0	0	0
1	512	22	0	0	0	0
2	510	22	0	0	0	0
3	512	22	0	0	0	0
4	510	22	0	0	0	0
5	512	22	0	0	0	0
6	511	22	0	0	0	0
7	510	22	0	0	0	0
8	512	23	0	0	0	0
9	511	22	0	0	0	0
10	508	23	0	0	0	0
11	513	23	0	0	0	0
12	510	23	0	0	0	0
13	511	23	0	0	0	0
14	513	23	0	0	0	0
15	510	23	0	0	0	0
0	510	23	0	0	0	0
1	512	23	0	0	0	0
2	513	23	0	0	0	0
3	512	23	0	0	0	0
4	513	23	0	0	0	0
5	512	23	0	0	0	0
6	510	23	0	0	0	0
7	509	23	0	0	0	0
8	512	23	0	0	0	0
9	510	23	0	0	0	0
10	509	23	0	0	0	0
11	512	23	0	0	0	0
12	510	23	0	0	0	0
13	510	23	0	0	0	0
14	511	22	0	0	0	0
15	514	22	0	0	0	0
0	511	23	0	0	0	0
1	511	22	0	0	0	0
2	513	22	0	0	0	0
3	511	22	0	0	0	0
4	513	22	0	0	0	0
5	513	22	0	0	0	0
6	510	22	0	0	0	0
7	511	22	0	0	0	0
8	511	22	0	0	0	0
9	513	22	0	0	0	0
10	512	22	0	0	0	0
11	514	22	0	0	0	0
12	514	22	0	0	0	0
13	508	22	0	0	0	0
14	512	22	0	0	0	0
15	509	22	0	0	0	0
0	510	21	0	0	0	0
1	509	21	0	0	0	0
2	511	21	0	0	0	0
3	510	21	0	0	0	0
4	512	21	0	0	0	0
5	509	21	0	0	0	0
6	510	21	0	0	0	0
7	512	21	0	0	0	0
8	511	21	0	0	0	0
9	511	21	0	0	0	0
10	511	21	0	0	0	0
11	513	21	0	0	0	0
12	510	21	0	0	0	0
13	516	21	0	0	0	0
14	515	20	0	0	0	0
15	512	20	0	0	0	0
0	512	20	0	0	0	0
1	512	20	0	0	0	0
2	513	20	0	0	0	0
3	511	20	0	0	0	0
4	510	20	0	0	0	0
5	509	20	0	0	0	0
6	511	20	0	0	0	0
7	510	20	0	0	0	0
8	511	20	0	0	0	0
9	513	19	0	0	0	0
10	512	20	0	0	0	0
11	514	20	0	0	0	0
12	512	20	0	0	0	0
13	512	19	0	0	0	0
14	510	19	0	0	0	0
15	508	19	0	0	0	0
0	511	19	0	0	0	0
1	511	19	0	0	0	0
2	510	19	0	0	0	0
3	509	19	0	0	0	0
4	510	19	0	0	0	0
5	508	19	0	0	0	0
6	513	19	0	0	0	0
7	513	19	0	0	0	0
8	513	18	0	0	0	0
9	511	19	0	0	0	0
10	510	19	0	0	0	0
11	512	19	0	0	0	0
12	511	18	0	0	0	0
13	514	19	0	0	0	0
14	512	18	0	0	0	0
15	511	18	0	0	0	0
0	511	18	0	0	0	0
1	509	18	0	0	0	0
2	512	18	0	0	0	0
3	512	18	0	0	0	0
4	514	18	0	0	0	0
5	511	18	0	0	0	0
6	512	18	0	0	0	0
7	514	18	0	0	0	0
8	511	18	0	0	0	0
9	510	18	0	0	0	0
10	511	17	0	0	0	0
11	512	17	0	0	0	0
12	510	18	0	0	0	0
13	515	18	0	0	0	0
14	513	17	0	0	0	0
15	507	18	0	0	0	0
0	509	18	0	0	0	0
1	512	18	0	0	0	0
2	511	17	0	0	0	0
3	512	18	0	0	0	0
4	511	18	0	0	0	0
5	513	18	0	0	0	0
6	511	18	0	0	0	0
7	512	18	0	0	0	0
8	514	18	0	0	0	0
9	513	18	0	0	0	0
10	511	18	0	0	0	0
11	511	19	0	0	0	0
12	511	19	0	0	0	0
13	509	19	0	0	0	0
14	512	19	0	0	0	0
15	512	19	0	0	0	0
0	514	19	0	0	0	0
1	514	19	0	0	0	0
2	514	19	0	0	0	0
3	514	19	0	0	0	0
4	511	19	0	0	0	0
5	516	19	0	0	0	0
6	512	19	0	0	0	0
7	510	19	0	0	0	0
8	508	19	0	0	0	0
9	510	19	0	0	0	0
10	514	19	0	0	0	0
11	511	19	0	0	0	0
12	511	19	0	0	0	0
13	515	19	0	0	0	0
14	514	20	0	0	0	0
15	512	20	0	0	0	0
0	510	19	0	0	0	0
1	513	20	0	0	0	0
2	508	20	0	0	0	0
3	510	20	0	0	0	0
4	511	20	0	0	0	0
5	512	20	0	0	0	0
6	514	20	0	0	0	0
7	508	20	0	0	0	0
8	512	20	0	0	0	0
9	512	20	0	0	0	0
10	511	20	0	0	0	0
11	510	21	0	0	0	0
12	510	21	0	0	0	0
13	511	21	0	0	0	0
14	512	21	0	0	0	0
15	513	21	0	0	0	0
0	509	21	0	0	0	0
1	508	21	0	0	0	0
2	510	21	0	0	0	0
3	515	21	0	0	0	0
4	512	22	0	0	0	0
5	514	21	0	0	0	0
6	512	22	0	0	0	0
7	511	22	0	0	0	0
8	509	22	0	0	0	0
9	511	22	0	0	0	0
10	510	22	0	0	0	0
11	509	22	0	0	0	0
12	511	22	0	0	0	0
13	513	22	0	0	0	0
14	512	22	0	0	0	0
15	512	22	0	0	0	0
0	515	22	0	0	0	0
1	512	22	0	0	0	0
2	511	23	0	0	0	0
3	510	22	0	0	0	0
4	513	23	0	0	0	0
5	512	23	0	0	0	0
6	511	23	0	0	0	0
7	512	23	0	0	0	0
8	512	23	0	0	0	0
9	515	23	0	0	0	0
10	512	23	0	0	0	0
11	515	23	0	0	0	0
12	512	23	0	0	0	0
13	511	23	0	0	0	0
14	512	23	0	0	0	0
15	512	23	0	0	0	0
0	512	23	0	0	0	0
1	513	23	0	0	0	0
2	511	23	0	0	0	0
3	510	23	0	0	0	0
4	511	23	0	0	0	0
5	513	23	0	0	0	0
6	511	23	0	0	0	0
7	512	23	0	0	0	0
8	511	23	0	0	0	0
9	512	23	0	0	0	0
10	512	23	0	0	0	0
11	511	23	0	0	0	0
12	512	23	0	0	0	0
13	510	23	0	0	0	0
14	510	23	0	0	0	0
15	511	23	0	0	0	0
0	509	23	0	0	0	0
1	509	23	0	0	0	0
2	508	23	0	0	0	0
3	508	23	0	0	0	0
4	512	23	0	0	0	0
5	511	22	0	0	0	0
6	508	22	0	0	0	0
7	512	22	0	0	0	0
8	514	22	0	0	0	0
9	513	22	0	0	0	0
10	512	22	0	0	0	0
11	512	22	0	0	0	0
12	512	22	0	0	0	0
13	511	22	0	0	0	0
14	515	22	0	0	0	0
15	509	22	0	0	0	0
0	510	22	0	0	0	0
1	508	22	0	0	0	0
2	509	22	0	0	0	0
3	508	22	0	0	0	0
4	509	22	0	0	0	0
5	513	21	0	0	0	0
6	512	21	0	0	0	0
7	510	21	0	0	0	0
8	515	21	0	0	0	0
9	511	21	0	0	0	0
10	513	21	0	0	0	0
11	511	21	0	0	0	0
12	514	21	0	0	0	0
13	513	21	0	0	0	0
14	512	20	0	0	0	0
15	513	20	0	0	0	0
0	511	20	0	0	0	0
1	512	20	0	0	0	0
2	503	20	0	0	0	0
3	508	20	0	0	0	0
4	513	20	0	0	0	0
5	512	20	0	0	0	0
6	513	20	0	0	0	0
7	512	19	0	0	0	0
8	513	19	0	0	0	0
9	512	19	0	0	0	0
10	511	19	0	0	0	0
11	512	19	0	0	0	0
12	509	19	0	0	0	0
13	511	19	0	0	0	0
14	512	19	0	0	0	0
15	512	19	0	0	0	0
0	511	19	0	0	0	0
1	514	19	0	0	0	0
2	513	19	0	0	0	0
3	509	19	0	0	0	0
4	514	19	0	0	0	0
5	508	18	0	0	0	0
6	512	18	0	0	0	0
7	511	18	0	0	0	0
8	511	18	0	0	0	0
9	512	18	0	0	0	0
10	513	18	0	0	0	0
11	510	18	0	0	0	0
12	509	18	0	0	0	0
13	510	18	0	0	0	0
14	511	17	0	0	0	0
15	512	17	0	0	0	0
0	512	17	0	0	0	0
1	514	17	0	0	0	0
2	514	17	0	0	0	0
3	513	17	0	0	0	0
4	513	17	0	0	0	0
5	512	17	0	0	0	0
6	512	17	0	0	0	0
7	512	17	0	0	0	0
8	510	17	0	0	0	0
9	511	17	0	0	0	0
10	509	17	0	0	0	0
11	511	17	0	0	0	0
12	514	17	0	0	0	0
13	512	17	0	0	0	0
14	509	17	0	0	0	0
15	514	17	0	0	0	0
0	508	17	0	0	0	0
1	503	17	0	0	0	0
2	506	17	0	0	0	0
3	511	17	0	0	0	0
4	515	17	0	0	0	0
5	512	17	0	0	0	0
6	516	17	0	0	0	0
7	508	17	0	0	0	0
8	508	17	0	0	0	0
9	512	17	0	0	0	0
10	513	17	0	0	0	0
11	512	17	0	0	0	0
12	510	17	0	0	0	0
13	512	17	0	0	0	0
14	512	17	0	0	0	0
15	510	18	0	0	0	0
0	510	18	0	0	0	0
1	511	18	0	0	0	0
2	512	18	0	0	0	0
3	511	18	0	0	0	0
4	510	18	0	0	0	0
5	511	18	0	0	0	0
6	510	18	0	0	0	0
7	511	18	0	0	0	0
8	513	18	0	0	0	0
9	516	18	0	0	0	0
10	510	19	0	0	0	0
11	507	19	0	0	0	0
12	509	19	0	0	0	0
13	515	19	0	0	0	0
14	510	19	0	0	0	0
15	510	19	0	0	0	0
0	510	19	0	0	0	0
1	511	19	0	0	0	0
2	515	19	0	0	0	0
3	513	19	0	0	0	0
4	510	19	0	0	0	0
5	511	19	0	0	0	0
6	512	19	0	0	0	0
7	509	19	0	0	0	0
8	511	19	0	0	0	0
9	509	20	0	0	0	0
10	508	20	0	0	0	0
11	514	21	0	0	0	0
12	517	21	0	0	0	0
13	521	21	0	0	0	0
14	513	21	0	0	0	0
15	509	21	0	0	0	0
0	505	21	0	0	0	0
1	512	21	0	0	0	0
2	511	21	0	0	0	0
3	512	21	0	0	0	0
4	512	21	0	0	0	0
5	509	21	0	0	0	0
6	508	22	0	0	0	0
7	513	21	0	0	0	0
8	511	22	0	0	0	0
9	513	22	0	0	0	0
10	515	22	0	0	0	0
11	512	22	0	0	0	0
12	512	22	0	0	0	0
13	516	22	0	0	0	0
14	510	22	0	0	0	0
15	510	22	0	0	0	0
0	507	22	0	0	0	0
1	509	22	0	0	0	0
2	513	22	0	0	0	0
3	511	22	0	0	0	0
4	512	22	0	0	0	0
5	510	22	0	0	0	0
6	512	22	0	0	0	0
7	510	23	0	0	0	0
8	511	23	0	0	0	0
9	513	23	0	0	0	0
10	509	23	0	0	0	0
11	509	23	0	0	0	0
12	510	23	0	0	0	0
13	512	23	0	0	0	0
14	506	23	0	0	0	0
15	511	23	0	0	0	0
0	513	23	0	0	0	0
1	513	23	0	0	0	0
2	516	23	0	0	0	0
3	512	23	0	0	0	0
4	509	23	0	0	0	0
5	508	23	0	0	0	0
6	505	23	0	0	0	0
7	508	23	0	0	0	0
8	509	23	0	0	0	0
9	511	23	0	0	0	0
10	511	23	0	0	0	0
11	511	24	0	0	0	0
12	512	24	0	0	0	0
13	504	24	0	0	0	0
14	483	24	0	0	0	0
15	479	24	0	0	0	0
0	502	23	0	0	0	0
1	520	23	0	0	0	0
2	540	22	0	0	0	0
3	542	21	0	0	0	0
4	536	19	0	0	0	0
5	534	18	0	0	0	0
6	508	18	0	0	0	0
7	475	18	0	0	0	0
8	480	19	0	0	0	0
9	503	19	0	0	0	0
10	515	19	0	0	0	0
11	519	19	0	0	0	0
12	525	19	0	0	0	0
13	520	19	0	0	0	0
14	523	19	0	0	0	0
15	519	19	0	0	0	0
0	510	19	0	0	0	0
1	507	19	0	0	0	0
2	512	19	0	0	0	0
3	511	19	0	0	0	0
4	509	19	0	0	0	0
5	508	19	0	0	0	0
6	508	19	0	0	0	0
7	506	19	0	0	0	0
8	514	19	0	0	0	0
9	507	19	0	0	0	0
10	501	19	0	0	0	0
11	505	19	0	0	0	0
12	513	19	0	0	0	0
13	518	19	0	0	0	0
14	515	19	0	0	0	0
15	511	19	0	0	0	0
0	514	19	0	0	0	0
1	515	19	0	0	0	0
2	511	19	0	0	0	0
3	511	19	0	0	0	0
4	509	19	0	0	0	0
5	514	19	0	0	0	0
6	511	19	0	0	0	0
7	511	19	0	0	0	0
8	512	19	0	0	0	0
9	513	19	0	0	0	0
10	515	19	0	0	0	0
11	511	19	0	0	0	0
12	511	19	0	0	0	0
13	512	19	0	0	0	0
14	513	19	0	0	0	0
15	515	19	0	0	0	0
0	511	19	0	0	0	0
1	511	19	0	0	0	0
2	509	19	0	0	0	0
3	509	18	0	0	0	0
4	513	18	0	0	0	0
5	511	18	0	0	0	0
6	511	18	0	0	0	0
7	511	18	0	0	0	0
8	509	18	0	0	0	0
9	512	18	0	0	0	0
10	510	18	0	0	0	0
11	510	18	0	0	0	0
12	514	18	0	0	0	0
13	513	18	0	0	0	0
14	514	18	0	0	0	0
15	511	18	0	0	0	0
0	515	18	0	0	0	0
1	512	18	0	0	0	0
2	511	17	0	0	0	0
3	511	17	0	0	0	0
4	512	17	0	0	0	0
5	513	17	0	0	0	0
6	517	17	0	0	0	0
7	512	17	0	0	0	0
8	505	17	0	0	0	0
9	508	17	0	0	0	0
10	509	17	0	0	0	0
11	508	17	0	0	0	0
12	511	17	0	0	0	0
13	514	17	0	0	0	0
14	510	17	0	0	0	0
15	514	17	0	0	0	0
0	520	17	0	0	0	0
1	519	17	0	0	0	0
2	513	17	0	0	0	0
3	510	17	0	0	0	0
4	510	16	0	0	0	0
5	507	16	0	0	0	0
6	504	16	0	0	0	0
7	502	16	0	0	0	0
8	497	16	0	0	0	0
9	497	16	0	0	0	0
10	498	16	0	0	0	0
11	502	16	0	0	0	0
12	508	16	0	0	0	0
13	512	16	0	0	0	0
14	516	16	0	0	0	0
15	515	16	0	0	0	0
0	507	16	0	0	0	0
1	516	16	0	0	0	0
2	523	16	0	0	0	0
3	520	15	0	0	0	0
4	515	15	0	0	0	0
5	514	15	0	0	0	0
6	512	15	0	0	0	0
7	514	15	0	0	0	0
8	511	15	0	0	0	0
9	510	15	0	0	0	0
10	512	15	0	0	0	0
11	512	15	0	0	0	0
12	512	15	0	0	0	0
13	516	15	0	0	0	0
14	511	15	0	0	0	0
15	515	15	0	0	0	0
0	516	15	0	0	0	0
1	512	15	0	0	0	0
2	512	15	0	0	0	0
3	510	15	0	0	0	0
4	504	15	0	0	0	0
5	505	15	0	0	0	0
6	502	15	0	0	0	0
7	511	15	0	0	0	0
8	516	15	0	0	0	0
9	515	15	0	0	0	0
10	518	15	0	0	0	0
11	515	15	0	0	0	0
12	515	15	0	0	0	0
13	512	15	0	0	0	0
14	511	15	0	0	0	0
15	509	15	0	0	0	0
0	510	15	0	0	0	0
1	508	15	0	0	0	0
2	510	15	0	0	0	0
3	509	15	0	0	0	0
4	513	15	0	0	0	0
5	511	15	0	0	0	0
6	514	15	0	0	0	0
7	512	15	0	0	0	0
8	512	15	0	0	0	0
9	513	15	0	0	0	0
10	515	15	0	0	0	0
11	512	16	0	0	0	0
12	509	16	0	0	0	0
13	508	15	0	0	0	0
14	510	15	0	0	0	0
15	514	16	0	0	0	0
0	514	16	0	0	0	0
1	514	16	0	0	0	0
2	515	16	0	0	0	0
3	517	16	0	0	0	0
4	512	16	0	0	0	0
5	511	16	0	0	0	0
6	508	16	0	0	0	0
7	510	16	0	0	0	0
8	513	16	0	0	0	0
9	512	16	0	0	0	0
10	510	16	0	0	0	0
11	514	16	0	0	0	0
12	511	17	0	0	0	0
13	514	17	0	0	0	0
14	509	17	0	0	0	0
15	510	17	0	0	0	0
0	508	17	0	0	0	0
1	510	17	0	0	0	0
2	511	17	0	0	0	0
3	509	17	0	0	0	0
4	509	17	0	0	0	0
5	504	17	0	0	0	0
6	508	17	0	0	0	0
7	508	18	0	0	0	0
8	504	18	0	0	0	0
9	505	18	0	0	0	0
10	515	18	0	0	0	0
11	521	18	0	0	0	0
12	522	18	0	0	0	0
13	519	17	0	0	0	0
14	489	15	0	0	0	0
15	488	13	0	0	0	0
0	513	11	0	0	0	0
1	519	10	0	0	0	0
2	500	11	0	0	0	0
3	507	13	0	0	0	0
4	512	16	0	0	0	0
5	514	19	0	0	0	0
6	515	29	0	0	0	0
7	520	63	0	0	0	0
8	522	108	0	0	0	0
9	518	122	0	0	0	0
10	516	106	0	0	0	0
11	511	81	0	0	0	0
12	510	56	0	0	0	0
13	512	49	0	0	0	0
14	518	38	0	0	0	0
15	514	32	0	0	0	0
0	515	29	0	0	0	0
1	511	30	0	0	0	0
2	512	31	0	0	0	0
3	510	34	0	0	0	0
4	511	38	0	0	0	0
5	512	46	0	0	0	0
6	511	61	0	0	0	0
7	515	97	0	0	0	0
8	510	119	0	0	0	0
9	512	131	0	0	0	0
10	513	133	0	0	0	0
11	509	159	0	0	0	0
12	507	179	0	0	0	0
13	509	185	0	0	0	0
14	510	188	0	0	0	0
15	511	193	0	0	0	0
0	508	197	0	0	0	0
1	505	199	0	0	0	0
2	506	201	0	0	0	0
3	514	205	0	0	0	0
4	513	206	0	0	0	0
5	511	206	0	0	0	0
6	511	206	0	0	0	0
7	510	206	0	0	0	0
8	513	206	0	0	0	0
9	512	207	0	0	0	0
10	509	207	0	0	0	0
11	511	207	0	0	0	0
12	512	206	0	0	0	0
13	511	205	0	0	0	0
14	513	205	0	0	0	0
15	511	206	0	0	0	0
0	508	207	0	0	0	0
1	512	207	0	0	0	0
2	510	208	0	0	0	0
3	513	208	0	0	0	0
4	510	208	0	0	0	0
5	511	208	0	0	0	0
6	512	207	0	0	0	0
7	512	207	0	0	0	0
8	511	207	0	0	0	0
9	513	207	0	0	0	0
10	511	207	0	0	0	0
11	513	207	0	0	0	0
12	508	207	0	0	0	0
13	511	207	0	0	0	0
14	509	207	0	0	0	0
15	511	207	0	0	0	0
0	509	207	0	0	0	0
1	511	206	0	0	0	0
2	513	206	0	0	0	0
3	513	205	0	0	0	0
4	510	205	0	0	0	0
5	508	204	0	0	0	0
6	512	204	0	0	0	0
7	512	203	0	0	0	0
8	511	202	0	0	0	0
9	511	201	0	0	0	0
10	511	201	0	0	0	0
11	511	200	0	0	0	0
12	511	199	0	0	0	0
13	509	199	0	0	0	0
14	514	198	0	0	0	0
15	512	198	0	0	0	0
0	511	197	0	0	0	0
1	509	197	0	0	0	0
2	512	196	0	0	0	0
3	512	196	0	0	0	0
4	511	195	0	0	0	0
5	512	195	0	0	0	0
6	513	193	0	0	0	0
7	512	193	0	0	0	0
8	512	192	0	0	0	0
9	513	192	0	0	0	0
10	512	191	0	0	0	0
11	509	190	0	0	0	0
12	508	190	0	0	0	0
13	511	189	0	0	0	0
14	508	188	0	0	0	0
15	513	188	0	0	0	0
0	511	188	0	0	0	0
1	511	187	0	0	0	0
2	510	186	0	0	0	0
3	512	187	0	0	0	0
4	511	188	0	0	0	0
5	511	187	0	0	0	0
6	511	187	0	0	0	0
7	512	186	0	0	0	0
8	513	185	0	0	0	0
9	509	185	0	0	0	0
10	512	184	0	0	0	0
11	512	184	0	0	0	0
12	512	183	0	0	0	0
13	511	183	0	0	0	0
14	510	182	0	0	0	0
15	513	182	0	0	0	0
0	510	181	0	0	0	0
1	511	180	0	0	0	0
2	512	180	0	0	0	0
3	511	179	0	0	0	0
4	511	182	0	0	0	0
5	508	182	0	0	0	0
6	511	181	0	0	0	0
7	511	181	0	0	0	0
8	511	181	0	0	0	0
9	513	180	0	0	0	0
10	509	180	0	0	0	0
11	510	180	0	0	0	0
12	511	180	0	0	0	0
13	512	180	0	0	0	0
14	511	180	0	0	0	0
15	511	180	0	0	0	0
0	511	180	0	0	0	0
1	511	180	0	0	0	0
2	511	180	0	0	0	0
3	512	181	0	0	0	0
4	513	180	0	0	0	0
5	512	181	0	0	0	0
6	510	181	0	0	0	0
7	515	182	0	0	0	0
8	512	182	0	0	0	0
9	513	182	0	0	0	0
10	510	183	0	0	0	0
11	510	183	0	0	0	0
12	515	183	0	0	0	0
13	512	183	0	0	0	0
14	513	184	0	0	0	0
15	512	184	0	0	0	0
0	512	185	0	0	0	0
1	510	185	0	0	0	0
2	511	186	0	0	0	0
3	508	185	0	0	0	0
4	511	185	0	0	0	0
5	512	185	0	0	0	0
6	512	185	0	0	0	0
7	511	185	0	0	0	0
8	510	184	0	0	0	0
9	508	182	0	0	0	0
10	514	180	0	0	0	0
11	514	180	0	0	0	0
12	511	181	0	0	0	0
13	509	181	0	0	0	0
14	512	182	0	0	0	0
15	511	183	0	0	0	0
0	512	183	0	0	0	0
1	513	184	0	0	0	0
2	510	184	0	0	0	0
3	512	185	0	0	0	0
4	512	186	0	0	0	0
5	513	187	0	0	0	0
6	511	187	0	0	0	0
7	510	188	0	0	0	0
8	512	189	0	0	0	0
9	510	190	0	0	0	0
10	508	191	0	0	0	0
11	510	191	0	0	0	0
12	512	192	0	0	0	0
13	510	195	0	0	0	0
14	512	197	0	0	0	0
15	513	199	0	0	0	0
0	510	200	0	0	0	0
1	512	201	0	0	0	0
2	509	203	0	0	0	0
3	510	203	0	0	0	0
4	509	204	0	0	0	0
5	513	204	0	0	0	0
6	511	205	0	0	0	0
7	510	205	0	0	0	0
8	513	205	0	0	0	0
9	513	206	0	0	0	0
10	512	205	0	0	0	0
11	512	204	0	0	0	0
12	509	205	0	0	0	0
13	512	205	0	0	0	0
14	511	205	0	0	0	0
15	509	205	0	0	0	0
0	510	205	0	0	0	0
1	511	205	0	0	0	0
2	512	205	0	0	0	0
3	512	205	0	0	0	0
4	511	204	0	0	0	0
5	512	203	0	0	0	0
6	513	203	0	0	0	0
7	514	202	0	0	0	0
8	509	201	0	0	0	0
9	511	201	0	0	0	0
10	511	201	0	0	0	0
11	509	200	0	0	0	0
12	512	199	0	0	0	0
13	510	199	0	0	0	0
14	511	199	0	0	0	0
15	512	198	0	0	0	0
0	510	198	0	0	0	0
1	513	197	0	0	0	0
2	513	196	0	0	0	0
3	509	195	0	0	0	0
4	512	195	0	0	0	0
5	513	193	0	0	0	0
6	513	193	0	0	0	0
7	513	193	0	0	0	0
8	508	192	0	0	0	0
9	511	192	0	0	0	0
10	511	192	0	0	0	0
11	512	191	0	0	0	0
12	508	191	0	0	0	0
13	510	189	0	0	0	0
14	510	188	0	0	0	0
15	512	188	0	0	0	0
0	511	189	0	0	0	0
1	513	189	0	0	0	0
2	513	188	0	0	0	0
3	510	188	0	0	0	0
4	514	187	0	0	0	0
5	510	186	0	0	0	0
6	509	185	0	0	0	0
7	511	184	0	0	0	0
8	513	184	0	0	0	0
9	511	183	0	0	0	0
10	513	182	0	0	0	0
11	512	182	0	0	0	0
12	512	181	0	0	0	0
13	511	180	0	0	0	0
14	511	180	0	0	0	0
15	513	180	0	0	0	0
0	512	179	0	0	0	0
1	512	179	0	0	0	0
2	513	179	0	0	0	0
3	511	178	0	0	0	0
4	510	178	0	0	0	0
5	510	178	0	0	0	0
6	512	178	0	0	0	0
7	509	178	0	0	0	0
8	515	178	0	0	0	0
9	509	178	0	0	0	0
10	510	178	0	0	0	0
11	510	178	0	0	0	0
12	512	178	0	0	0	0
13	511	178	0	0	0	0
14	513	178	0	0	0	0
15	511	178	0	0	0	0
0	511	179	0	0	0	0
1	512	179	0	0	0	0
2	513	179	0	0	0	0
3	512	179	0	0	0	0
4	511	179	0	0	0	0
5	509	179	0	0	0	0
6	513	180	0	0	0	0
7	511	180	0	0	0	0
8	511	180	0	0	0	0
9	512	180	0	0	0	0
10	511	181	0	0	0	0
11	508	181	0	0	0	0
12	511	182	0	0	0	0
13	513	182	0	0	0	0
14	512	182	0	0	0	0
15	512	182	0	0	0	0
0	512	182	0	0	0	0
1	512	182	0	0	0	0
2	511	182	0	0	0	0
3	515	182	0	0	0	0
4	508	182	0	0	0	0
5	507	182	0	0	0	0
6	511	182	0	0	0	0
7	511	182	0	0	0	0
8	513	182	0	0	0	0
9	511	182	0	0	0	0
10	510	183	0	0	0	0
11	513	183	0	0	0	0
12	511	184	0	0	0	0
13	513	184	0	0	0	0
14	512	184	0	0	0	0
15	512	185	0	0	0	0
0	512	186	0	0	0	0
1	511	187	0	0	0	0
2	510	188	0	0	0	0
3	512	189	0	0	0	0
4	514	190	0	0	0	0
5	509	191	0	0	0	0
6	511	192	0	0	0	0
7	509	192	0	0	0	0
8	510	193	0	0	0	0
9	509	194	0	0	0	0
10	511	195	0	0	0	0
11	510	195	0	0	0	0
12	511	196	0	0	0	0
13	511	196	0	0	0	0
14	511	197	0	0	0	0
15	508	197	0	0	0	0
0	513	198	0	0	0	0
1	508	198	0	0	0	0
2	512	199	0	0	0	0
3	512	199	0	0	0	0
4	511	200	0	0	0	0
5	512	200	0	0	0	0
6	508	201	0	0	0	0
7	513	201	0	0	0	0
8	510	201	0	0	0	0
9	509	201	0	0	0	0
10	511	202	0	0	0	0
11	511	202	0	0	0	0
12	510	203	0	0	0	0
13	509	203	0	0	0	0
14	510	204	0	0	0	0
15	512	204	0	0	0	0
0	512	204	0	0	0	0
1	511	204	0	0	0	0
2	511	204	0	0	0	0
3	510	205	0	0	0	0
4	510	206	0	0	0	0
5	510	207	0	0	0	0
6	509	207	0	0	0	0
7	515	207	0	0	0	0
8	511	208	0	0	0	0
9	509	208	0	0	0	0
10	510	208	0	0	0	0
11	513	208	0	0	0	0
12	509	208	0	0	0	0
13	509	207	0	0	0	0
14	509	207	0	0	0	0
15	515	207	0	0	0	0
0	509	207	0	0	0	0
1	512	206	0	0	0	0
2	512	206	0	0	0	0
3	513	205	0	0	0	0
4	511	204	0	0	0	0
5	514	204	0	0	0	0
6	511	203	0	0	0	0
7	511	202	0	0	0	0
8	507	201	0	0	0	0
9	510	201	0	0	0	0
10	511	200	0	0	0	0
11	511	200	0	0	0	0
12	512	199	0	0	0	0
13	511	199	0	0	0	0
14	514	199	0	0	0	0
15	511	198	0	0	0	0
0	512	198	0	0	0	0
1	511	197	0	0	0	0
2	514	198	0	0	0	0
3	511	197	0	0	0	0
4	513	196	0	0	0	0
5	511	195	0	0	0	0
6	511	195	0	0	0	0
7	512	192	0	0	0	0
8	513	191	0	0	0	0
9	512	191	0	0	0	0
10	511	191	0	0	0	0
11	511	190	0	0	0	0
12	511	189	0	0	0	0
13	511	188	0	0	0	0
14	515	187	0	0	0	0
15	512	186	0	0	0	0
0	509	185	0	0	0	0
1	510	185	0	0	0	0
2	509	184	0	0	0	0
3	512	184	0	0	0	0
4	511	184	0	0	0	0
5	512	183	0	0	0	0
6	510	183	0	0	0	0
7	511	182	0	0	0	0
8	511	181	0	0	0	0
9	510	181	0	0	0	0
10	512	180	0	0	0	0
11	508	179	0	0	0	0
12	510	179	0	0	0	0
13	514	179	0	0	0	0
14	514	179	0	0	0	0
15	510	178	0	0	0	0
0	509	179	0	0	0	0
1	510	178	0	0	0	0
2	513	179	0	0	0	0
3	508	178	0	0	0	0
4	514	178	0	0	0	0
5	511	179	0	0	0	0
6	511	178	0	0	0	0
7	514	178	0	0	0	0
8	509	178	0	0	0	0
9	510	178	0	0	0	0
10	514	178	0	0	0	0
11	511	178	0	0	0	0
12	512	178	0	0	0	0
13	510	177	0	0	0	0
14	515	178	0	0	0	0
15	510	177	0	0	0	0
0	513	177	0	0	0	0
1	511	176	0	0	0	0
2	511	176	0	0	0	0
3	513	176	0	0	0	0
4	512	176	0	0	0	0
5	510	176	0	0	0	0
6	510	176	0	0	0	0
7	511	176	0	0	0	0
8	513	176	0	0	0	0
9	511	176	0	0	0	0
10	513	176	0	0	0	0
11	508	176	0	0	0	0
12	515	177	0	0	0	0
13	511	177	0	0	0	0
14	510	177	0	0	0	0
15	511	177	0	0	0	0
0	510	178	0	0	0	0
1	509	178	0	0	0	0
2	511	178	0	0	0	0
3	513	179	0	0	0	0
4	509	179	0	0	0	0
5	514	179	0	0	0	0
6	512	179	0	0	0	0
7	508	180	0	0	0	0
8	509	180	0	0	0	0
9	514	180	0	0	0	0
10	511	181	0	0	0	0
11	511	181	0	0	0	0
12	512	182	0	0	0	0
13	513	182	0	0	0	0
14	511	183	0	0	0	0
15	509	183	0	0	0	0
0	511	183	0	0	0	0
1	513	184	0	0	0	0
2	511	184	0	0	0	0
3	510	185	0	0	0	0
4	510	185	0	0	0	0
5	511	186	0	0	0	0
6	511	187	0	0	0	0
7	513	187	0	0	0	0
8	510	188	0	0	0	0
9	510	188	0	0	0	0
10	511	189	0	0	0	0
11	512	190	0	0	0	0
12	509	190	0	0	0	0
13	512	191	0	0	0	0
14	514	192	0	0	0	0
15	512	192	0	0	0	0
0	512	193	0	0	0	0
1	512	193	0	0	0	0
2	514	194	0	0	0	0
3	509	195	0	0	0	0
4	511	196	0	0	0	0
5	515	196	0	0	0	0
6	510	197	0	0	0	0
7	511	197	0	0	0	0
8	509	198	0	0	0	0
9	514	198	0	0	0	0
10	512	199	0	0	0	0
11	511	199	0	0	0	0
12	511	200	0	0	0	0
13	512	201	0	0	0	0
14	511	201	0	0	0	0
15	511	202	0	0	0	0
0	511	203	0	0	0	0
1	511	203	0	0	0	0
2	512	204	0	0	0	0
3	514	204	0	0	0	0
4	512	205	0	0	0	0
5	510	205	0	0	0	0
6	509	205	0	0	0	0
7	514	206	0	0	0	0
8	510	206	0	0	0	0
9	511	206	0	0	0	0
10	513	206	0	0	0	0
11	513	206	0	0	0	0
12	510	207	0	0	0	0
13	516	207	0	0	0	0
14	510	207	0	0	0	0
15	512	207	0	0	0	0
0	510	207	0	0	0	0
1	513	207	0	0	0	0
2	511	207	0	0	0	0
3	509	207	0	0	0	0
4	512	207	0	0	0	0
5	510	207	0	0	0	0
6	510	207	0	0	0	0
7	509	207	0	0	0	0
8	512	207	0	0	0	0
9	515	206	0	0	0	0
10	509	206	0	0	0	0
11	512	206	0	0	0	0
12	511	205	0	0	0	0
13	510	205	0	0	0	0
14	511	205	0	0	0	0
15	509	205	0	0	0	0
0	513	204	0	0	0	0
1	510	204	0	0	0	0
2	511	204	0	0	0	0
3	508	203	0	0	0	0
4	513	204	0	0	0	0
5	512	206	0	0	0	0
6	515	205	0	0	0	0
7	510	205	0	0	0	0
8	510	204	0	0	0	0
9	511	204	0	0	0	0
10	512	204	0	0	0	0
11	512	203	0	0	0	0
12	511	203	0	0	0	0
13	511	203	0	0	0	0
14	511	202	0	0	0	0
15	509	201	0	0	0	0
0	511	201	0	0	0	0
1	508	201	0	0	0	0
2	514	200	0	0	0	0
3	511	199	0	0	0	0
4	514	198	0	0	0	0
5	511	197	0	0	0	0
6	516	196	0	0	0	0
7	511	195	0	0	0	0
8	511	194	0	0	0	0
9	511	193	0	0	0	0
10	510	192	0	0	0	0
11	511	192	0	0	0	0
12	512	191	0	0	0	0
13	510	191	0	0	0	0
14	513	190	0	0	0	0
15	513	189	0	0	0	0
0	513	189	0	0	0	0
1	511	188	0	0	0	0
2	511	188	0	0	0	0
3	512	187	0	0	0	0
4	513	186	0	0	0	0
5	511	185	0	0	0	0
6	511	184	0	0	0	0
7	511	184	0	0	0	0
8	513	183	0	0	0	0
9	511	183	0	0	0	0
10	512	183	0	0	0	0
11	512	182	0	0	0	0
12	512	181	0	0	0	0
13	515	181	0	0	0	0
14	510	181	0	0	0	0
15	510	180	0	0	0	0
0	511	179	0	0	0	0
1	512	179	0	0	0	0
2	514	179	0	0	0	0
3	508	178	0	0	0	0
4	512	178	0	0	0	0
5	512	177	0	0	0	0
6	512	177	0	0	0	0
7	510	177	0	0	0	0
8	512	177	0	0	0	0
9	513	176	0	0	0	0
10	512	176	0	0	0	0
11	512	176	0	0	0	0
12	512	176	0	0	0	0
13	511	176	0	0	0	0
14	508	176	0	0	0	0
15	510	176	0	0	0	0
0	512	176	0	0	0	0
1	510	176	0	0	0	0
2	512	176	0	0	0	0
3	512	177	0	0	0	0
4	510	177	0	0	0	0
5	509	177	0	0	0	0
6	510	177	0	0	0	0
7	513	177	0	0	0	0
8	510	177	0	0	0	0
9	513	178	0	0	0	0
10	513	178	0	0	0	0
11	512	178	0	0	0	0
12	509	179	0	0	0	0
13	510	179	0	0	0	0
14	511	179	0	0	0	0
15	510	180	0	0	0	0
0	511	180	0	0	0	0
1	511	181	0	0	0	0
2	513	181	0	0	0	0
3	509	182	0	0	0	0
4	511	182	0	0	0	0
5	514	183	0	0	0	0
6	515	182	0	0	0	0
7	508	183	0	0	0	0
8	510	184	0	0	0	0
9	513	184	0	0	0	0
10	513	185	0	0	0	0
11	511	185	0	0	0	0
12	512	185	0	0	0	0
13	511	186	0	0	0	0
14	511	186	0	0	0	0
15	512	187	0	0	0	0
0	513	188	0	0	0	0
1	511	188	0	0	0	0
2	515	189	0	0	0	0
3	512	189	0	0	0	0
4	508	190	0	0	0	0
5	512	190	0	0	0	0
6	512	191	0	0	0	0
7	511	191	0	0	0	0
8	511	192	0	0	0	0
9	510	192	0	0	0	0
10	510	193	0	0	0	0
11	512	194	0	0	0	0
12	512	195	0	0	0	0
13	509	195	0	0	0	0
14	509	195	0	0	0	0
15	511	196	0	0	0	0
0	513	197	0	0	0	0
1	511	198	0	0	0	0
2	513	198	0	0	0	0
3	510	199	0	0	0	0
4	515	199	0	0	0	0
5	513	199	0	0	0	0
6	513	201	0	0	0	0
7	510	201	0	0	0	0
8	513	201	0	0	0	0
9	510	202	0	0	0	0
10	513	203	0	0	0	0
11	512	203	0	0	0	0
12	510	204	0	0	0	0
13	512	204	0	0	0	0
14	512	204	0	0	0	0
15	510	205	0	0	0	0
0	513	205	0	0	0	0
1	508	205	0	0	0	0
2	509	205	0	0	0	0
3	509	206	0	0	0	0
4	511	206	0	0	0	0
5	513	206	0	0	0	0
6	512	206	0	0	0	0
7	516	207	0	0	0	0
8	513	207	0	0	0	0
9	512	207	0	0	0	0
10	512	206	0	0	0	0
11	512	205	0	0	0	0
12	510	204	0	0	0	0
13	513	205	0	0	0	0
14	510	205	0	0	0	0
15	511	205	0	0	0	0
0	509	205	0	0	0	0
1	509	204	0	0	0	0
2	510	205	0	0	0	0
3	514	205	0	0	0	0
4	509	205	0	0	0	0
5	509	205	0	0	0	0
6	512	205	0	0	0	0
7	510	205	0	0	0	0
8	510	205	0	0	0	0
9	509	206	0	0	0	0
10	512	205	0	0	0	0
11	512	206	0	0	0	0
12	511	205	0	0	0	0
13	513	205	0	0	0	0
14	512	205	0	0	0	0
15	514	205	0	0	0	0
0	512	204	0	0	0	0
1	510	204	0	0	0	0
2	514	204	0	0	0	0
3	510	204	0	0	0	0
4	508	203	0	0	0	0
5	507	203	0	0	0	0
6	512	202	0	0	0	0
7	511	202	0	0	0	0
8	510	201	0	0	0	0
9	512	201	0	0	0	0
10	511	201	0	0	0	0
11	512	200	0	0	0	0
12	511	199	0	0	0	0
13	512	199	0	0	0	0
14	513	198	0	0	0	0
15	508	198	0	0	0	0
0	510	197	0	0	0	0
1	513	196	0	0	0	0
2	512	195	0	0	0	0
3	510	195	0	0	0	0
4	515	194	0	0	0	0
5	511	193	0	0	0	0
6	512	192	0	0	0	0
7	511	192	0	0	0	0
8	510	191	0	0	0	0
9	511	190	0	0	0	0
10	512	190	0	0	0	0
11	511	189	0	0	0	0
12	515	188	0	0	0	0
13	509	187	0	0	0	0
14	512	185	0	0	0	0
15	510	184	0	0	0	0
0	511	184	0	0	0	0
1	510	182	0	0	0	0
2	509	181	0	0	0	0
3	511	180	0	0	0	0
4	512	179	0	0	0	0
5	509	179	0	0	0	0
6	508	178	0	0	0	0
7	512	177	0	0	0	0
8	511	177	0	0	0	0
9	512	176	0	0	0	0
10	512	175	0	0	0	0
11	512	175	0	0	0	0
12	512	174	0	0	0	0
13	511	173	0	0	0	0
14	510	172	0	0	0	0
15	512	172	0	0	0	0
0	508	172	0	0	0	0
1	511	172	0	0	0	0
2	510	172	0	0	0	0
3	511	172	0	0	0	0
4	511	173	0	0	0	0
5	511	172	0	0	0	0
6	514	173	0	0	0	0
7	509	174	0	0	0	0
8	514	174	0	0	0	0
9	513	174	0	0	0	0
10	510	174	0	0	0	0
11	512	175	0	0	0	0
12	508	175	0	0	0	0
13	512	175	0	0	0	0
14	510	175	0	0	0	0
15	510	175	0	0	0	0
0	513	175	0	0	0	0
1	511	176	0	0	0	0
2	512	175	0	0	0	0
3	511	176	0	0	0	0
4	511	176	0	0	0	0
5	513	177	0	0	0	0
6	512	177	0	0	0	0
7	515	177	0	0	0	0
8	509	177	0	0	0	0
9	507	178	0	0	0	0
10	510	178	0	0	0	0
11	511	179	0	0	0	0
12	512	179	0	0	0	0
13	511	179	0	0	0	0
14	513	180	0	0	0	0
15	512	180	0	0	0	0
0	513	181	0	0	0	0
1	512	182	0	0	0	0
2	512	182	0	0	0	0
3	511	183	0	0	0	0
4	513	184	0	0	0	0
5	508	184	0	0	0	0
6	510	185	0	0	0	0
7	511	186	0	0	0	0
8	510	186	0	0	0	0
9	511	187	0	0	0	0
10	511	188	0	0	0	0
11	511	188	0	0	0	0
12	511	189	0	0	0	0
13	511	189	0	0	0	0
14	511	190	0	0	0	0
15	512	191	0	0	0	0
0	513	191	0	0	0	0
1	513	192	0	0	0	0
2	514	192	0	0	0	0
3	513	193	0	0	0	0
4	514	194	0	0	0	0
5	512	194	0	0	0	0
6	510	195	0	0	0	0
7	511	195	0	0	0	0
8	513	196	0	0	0	0
9	510	197	0	0	0	0
10	512	198	0	0	0	0
11	514	199	0	0	0	0
12	513	199	0	0	0	0
13	511	199	0	0	0	0
14	513	201	0	0	0	0
15	510	201	0	0	0	0
0	513	202	0	0	0	0
1	510	203	0	0	0	0
2	511	203	0	0	0	0
3	510	204	0	0	0	0
4	510	204	0	0	0	0
5	515	204	0	0	0	0
6	513	204	0	0	0	0
7	512	205	0	0	0	0
8	510	205	0	0	0	0
9	511	205	0	0	0	0
10	511	206	0	0	0	0
11	509	206	0	0	0	0
12	512	206	0	0	0	0
13	513	206	0	0	0	0
14	509	206	0	0	0	0
15	512	206	0	0	0	0
0	510	207	0	0	0	0
1	511	206	0	0	0	0
2	510	206	0	0	0	0
3	512	206	0	0	0	0
4	510	206	0	0	0	0
5	511	206	0	0	0	0
6	511	205	0	0	0	0
7	510	205	0	0	0	0
8	512	205	0	0	0	0
9	511	204	0	0	0	0
10	511	204	0	0	0	0
11	509	204	0	0	0	0
12	511	203	0	0	0	0
13	513	202	0	0	0	0
14	512	202	0	0	0	0
15	510	201	0	0	0	0
0	512	200	0	0	0	0
1	508	199	0	0	0	0
2	509	199	0	0	0	0
3	513	198	0	0	0	0
4	510	198	0	0	0	0
5	512	196	0	0	0	0
6	512	196	0	0	0	0
7	512	195	0	0	0	0
8	511	194	0	0	0	0
9	511	193	0	0	0	0
10	512	193	0	0	0	0
11	512	192	0	0	0	0
12	511	191	0	0	0	0
13	509	190	0	0	0	0
14	512	189	0	0	0	0
15	512	188	0	0	0	0
0	511	187	0	0	0	0
1	511	187	0	0	0	0
2	511	185	0	0	0	0
3	510	185	0	0	0	0
4	512	184	0	0	0	0
5	511	183	0	0	0	0
6	508	182	0	0	0	0
7	514	182	0	0	0	0
8	511	181	0	0	0	0
9	512	180	0	0	0	0
10	510	179	0	0	0	0
11	506	179	0	0	0	0
12	511	178	0	0	0	0
13	512	177	0	0	0	0
14	511	177	0	0	0	0
15	511	176	0	0	0	0
0	510	176	0	0	0	0
1	508	175	0	0	0	0
2	510	175	0	0	0	0
3	511	175	0	0	0	0
4	509	175	0	0	0	0
5	510	175	0	0	0	0
6	512	175	0	0	0	0
7	510	175	0	0	0	0
8	512	175	0	0	0	0
9	511	176	0	0	0	0
10	509	176	0	0	0	0
11	511	176	0	0	0	0
12	511	176	0	0	0	0
13	515	177	0	0	0	0
14	510	177	0	0	0	0
15	511	177	0	0	0	0
0	510	178	0	0	0	0
1	512	179	0	0	0	0
2	509	179	0	0	0	0
3	509	179	0	0	0	0
4	513	180	0	0	0	0
5	512	181	0	0	0	0
6	509	182	0	0	0	0
7	511	183	0	0	0	0
8	508	184	0	0	0	0
9	511	184	0	0	0	0
10	513	185	0	0	0	0
11	514	186	0	0	0	0
12	515	187	0	0	0	0
13	513	188	0	0	0	0
14	510	188	0	0	0	0
15	512	189	0	0	0	0
0	514	190	0	0	0	0
1	512	191	0	0	0	0
2	510	192	0	0	0	0
3	510	192	0	0	0	0
4	513	193	0	0	0	0
5	511	194	0	0	0	0
6	510	195	0	0	0	0
7	510	195	0	0	0	0
8	511	196	0	0	0	0
9	510	197	0	0	0	0
10	513	198	0	0	0	0
11	513	199	0	0	0	0
12	510	199	0	0	0	0
13	513	200	0	0	0	0
14	510	201	0	0	0	0
15	513	201	0	0	0	0
0	512	202	0	0	0	0
1	508	202	0	0	0	0
2	514	203	0	0	0	0
3	511	204	0	0	0	0
4	510	204	0	0	0	0
5	510	204	0	0	0	0
6	514	204	0	0	0	0
7	510	204	0	0	0	0
8	514	205	0	0	0	0
9	514	205	0	0	0	0
10	510	205	0	0	0	0
11	510	206	0	0	0	0
12	511	205	0	0	0	0
13	511	206	0	0	0	0
14	511	206	0	0	0	0
15	512	206	0	0	0	0
0	513	206	0	0	0	0
1	511	207	0	0	0	0
2	510	206	0	0	0	0
3	511	206	0	0	0	0
4	512	207	0	0	0	0
5	510	206	0	0	0	0
6	512	206	0	0	0	0
7	511	206	0	0	0	0
8	511	206	0	0	0	0
9	508	205	0	0	0	0
10	514	204	0	0	0	0
11	510	204	0	0	0	0
12	510	204	0	0	0	0
13	510	203	0	0	0	0
14	511	202	0	0	0	0
15	510	202	0	0	0	0
0	512	201	0	0	0	0
1	510	200	0	0	0	0
2	512	200	0	0	0	0
3	512	199	0	0	0	0
4	511	199	0	0	0	0
5	513	197	0	0	0	0
6	511	196	0	0	0	0
7	512	195	0	0	0	0
8	511	194	0	0	0	0
9	512	193	0	0	0	0
10	510	192	0	0	0	0
11	510	191	0	0	0	0
12	512	190	0	0	0	0
13	512	189	0	0	0	0
14	511	188	0	0	0	0
15	512	187	0	0	0	0
0	508	186	0	0	0	0
1	514	185	0	0	0	0
2	512	185	0	0	0	0
3	510	184	0	0	0	0
4	510	183	0	0	0	0
5	511	182	0	0	0	0
6	513	181	0	0	0	0
7	511	180	0	0	0	0
8	511	179	0	0	0	0
9	511	179	0	0	0	0
10	512	178	0	0	0	0
11	512	178	0	0	0	0
12	510	176	0	0	0	0
13	509	176	0	0	0	0
14	510	176	0	0	0	0
15	511	176	0	0	0	0
0	513	176	0	0	0	0
1	510	175	0	0	0	0
2	512	175	0	0	0	0
3	512	175	0	0	0	0
4	511	175	0	0	0	0
5	513	175	0	0	0	0
6	512	175	0	0	0	0
7	513	175	0	0	0	0
8	513	175	0	0	0	0
9	514	175	0	0	0	0
10	509	176	0	0	0	0
11	512	176	0	0	0	0
12	512	176	0	0	0	0
13	509	176	0	0	0	0
14	513	177	0	0	0	0
15	514	177	0	0	0	0
0	512	177	0	0	0	0
1	511	177	0	0	0	0
2	511	179	0	0	0	0
3	511	179	0	0	0	0
4	515	179	0	0	0	0
5	510	180	0	0	0	0
6	510	180	0	0	0	0
7	507	181	0	0	0	0
8	513	182	0	0	0	0
9	514	183	0	0	0	0
10	511	184	0	0	0	0
11	513	184	0	0	0	0
12	509	185	0	0	0	0
13	512	185	0	0	0	0
14	512	186	0	0	0	0
15	511	187	0	0	0	0
0	512	188	0	0	0	0
1	510	188	0	0	0	0
2	512	190	0	0	0	0
3	512	191	0	0	0	0
4	512	191	0	0	0	0
5	514	192	0	0	0	0
6	511	192	0	0	0	0
7	512	193	0	0	0	0
8	512	194	0	0	0	0
9	509	194	0	0	0	0
10	511	195	0	0	0	0
11	511	196	0	0	0	0
12	512	196	0	0	0	0
13	511	197	0	0	0	0
14	511	198	0	0	0	0
15	509	199	0	0	0	0
0	512	199	0	0	0	0
1	513	199	0	0	0	0
2	511	200	0	0	0	0
3	511	200	0	0	0	0
4	511	201	0	0	0	0
5	514	202	0	0	0	0
6	514	203	0	0	0	0
7	513	203	0	0	0	0
8	511	203	0	0	0	0
9	513	204	0	0	0	0
10	513	204	0	0	0	0
11	512	204	0	0	0	0
12	513	204	0	0	0	0
13	510	204	0	0	0	0
14	512	204	0	0	0	0
15	512	205	0	0	0	0
0	513	204	0	0	0	0
1	510	204	0	0	0	0
2	512	204	0	0	0	0
3	511	204	0	0	0	0
4	512	204	0	0	0	0
5	508	204	0	0	0	0
6	510	203	0	0	0	0
7	512	203	0	0	0	0
8	509	203	0	0	0	0
9	512	202	0	0	0	0
10	511	202	0	0	0	0
11	509	201	0	0	0	0
12	511	200	0	0	0	0
13	512	199	0	0	0	0
14	513	199	0	0	0	0
15	511	198	0	0	0	0
0	513	197	0	0	0	0
1	511	196	0	0	0	0
2	513	196	0	0	0	0
3	511	195	0	0	0	0
4	509	193	0	0	0	0
5	511	193	0	0	0	0
6	512	191	0	0	0	0
7	513	191	0	0	0	0
8	515	190	0	0	0	0
9	515	189	0	0	0	0
10	512	188	0	0	0	0
11	511	187	0	0	0	0
12	514	186	0	0	0	0
13	510	185	0	0	0	0
14	507	184	0	0	0	0
15	512	183	0	0	0	0
0	512	182	0	0	0	0
1	513	181	0	0	0	0
2	511	180	0	0	0	0
3	510	179	0	0	0	0
4	513	179	0	0	0	0
5	511	178	0	0	0	0
6	511	177	0	0	0	0
7	511	176	0	0	0	0
8	512	176	0	0	0	0
9	512	175	0	0	0	0
10	511	175	0	0	0	0
11	510	174	0	0	0	0
12	512	174	0	0	0	0
13	510	174	0	0	0	0
14	511	173	0	0	0	0
15	513	174	0	0	0	0
0	514	174	0	0	0	0
1	510	174	0	0	0	0
2	512	174	0	0	0	0
3	508	174	0	0	0	0
4	509	174	0	0	0	0
5	510	174	0	0	0	0
6	512	174	0	0	0	0
7	509	174	0	0	0	0
8	513	174	0	0	0	0
9	510	174	0	0	0	0
10	513	174	0	0	0	0
11	515	175	0	0	0	0
12	515	175	0	0	0	0
13	510	175	0	0	0	0
14	509	176	0	0	0	0
15	513	176	0	0	0	0
0	513	177	0	0	0	0
1	510	177	0	0	0	0
2	511	178	0	0	0	0
3	512	178	0	0	0	0
4	511	179	0	0	0	0
5	511	180	0	0	0	0
6	512	180	0	0	0	0
7	508	181	0	0	0	0
8	511	182	0	0	0	0
9	509	183	0	0	0	0
10	512	184	0	0	0	0
11	511	184	0	0	0	0
12	513	185	0	0	0	0
13	510	186	0	0	0	0
14	512	187	0	0	0	0
15	512	188	0	0	0	0
0	515	189	0	0	0	0
1	512	190	0	0	0	0
2	509	191	0	0	0	0
3	512	191	0	0	0	0
4	514	192	0	0	0	0
5	511	193	0	0	0	0
6	512	194	0	0	0	0
7	509	195	0	0	0	0
8	512	195	0	0	0	0
9	512	197	0	0	0	0
10	510	198	0	0	0	0
11	509	199	0	0	0	0
12	509	200	0	0	0	0
13	510	201	0	0	0	0
14	513	199	0	0	0	0
15	510	200	0	0	0	0
0	509	200	0	0	0	0
1	511	201	0	0	0	0
2	510	201	0	0	0	0
3	511	201	0	0	0	0
4	512	201	0	0	0	0
5	512	202	0	0	0	0
6	511	202	0	0	0	0
7	510	202	0	0	0	0
8	513	203	0	0	0	0
9	508	203	0	0	0	0
10	511	203	0	0	0	0
11	513	203	0	0	0	0
12	512	203	0	0	0	0
13	508	203	0	0	0	0
14	514	203	0	0	0	0
15	508	203	0	0	0	0
0	509	203	0	0	0	0
1	512	203	0	0	0	0
2	511	202	0	0	0	0
3	514	202	0	0	0	0
4	510	201	0	0	0	0
5	512	201	0	0	0	0
6	513	200	0	0	0	0
7	510	200	0	0	0	0
8	513	199	0	0	0	0
9	510	199	0	0	0	0
10	511	199	0	0	0	0
11	512	199	0	0	0	0
12	513	198	0	0	0	0
13	513	197	0	0	0	0
14	511	196	0	0	0	0
15	508	195	0	0	0	0
0	511	194	0	0	0	0
1	513	193	0	0	0	0
2	512	193	0	0	0	0
3	512	192	0	0	0	0
4	512	191	0	0	0	0
5	512	190	0	0	0	0
6	510	189	0	0	0	0
7	509	188	0	0	0	0
8	510	187	0	0	0	0
9	511	186	0	0	0	0
10	512	184	0	0	0	0
11	513	184	0	0	0	0
12	512	182	0	0	0	0
13	514	182	0	0	0	0
14	508	180	0	0	0	0
15	509	180	0	0	0	0
0	513	179	0	0	0	0
1	514	178	0	0	0	0
2	515	177	0	0	0	0
3	513	177	0	0	0	0
4	512	176	0	0	0	0
5	510	175	0	0	0	0
6	512	175	0	0	0	0
7	511	174	0	0	0	0
8	511	174	0	0	0	0
9	511	172	0	0	0	0
10	510	172	0	0	0	0
11	510	172	0	0	0	0
12	511	171	0	0	0	0
13	514	171	0	0	0	0
14	512	171	0	0	0	0
15	514	171	0	0	0	0
0	511	171	0	0	0	0
1	509	171	0	0	0	0
2	512	171	0	0	0	0
3	513	171	0	0	0	0
4	511	171	0	0	0	0
5	514	172	0	0	0	0
6	511	172	0	0	0	0
7	512	172	0	0	0	0
8	509	172	0	0	0	0
9	511	173	0	0	0	0
10	513	173	0	0	0	0
11	514	174	0	0	0	0
12	512	174	0	0	0	0
13	512	174	0	0	0	0
14	508	175	0	0	0	0
15	513	176	0	0	0	0
0	510	176	0	0	0	0
1	510	177	0	0	0	0
2	513	178	0	0	0	0
3	512	179	0	0	0	0
4	511	180	0	0	0	0
5	512	180	0	0	0	0
6	511	182	0	0	0	0
7	509	182	0	0	0	0
8	511	184	0	0	0	0
9	511	184	0	0	0	0
10	512	185	0	0	0	0
11	512	187	0	0	0	0
12	509	188	0	0	0	0
13	511	189	0	0	0	0
14	510	190	0	0	0	0
15	511	191	0	0	0	0
0	509	191	0	0	0	0
1	512	192	0	0	0	0
2	510	193	0	0	0	0
3	511	194	0	0	0	0
4	512	195	0	0	0	0
5	510	195	0	0	0	0
6	512	196	0	0	0	0
7	510	197	0	0	0	0
8	512	198	0	0	0	0
9	508	198	0	0	0	0
10	510	199	0	0	0	0
11	513	199	0	0	0	0
12	510	200	0	0	0	0
13	508	201	0	0	0	0
14	511	201	0	0	0	0
15	513	202	0	0	0	0
0	511	202	0	0	0	0
1	512	203	0	0	0	0
2	511	203	0	0	0	0
3	513	203	0	0	0	0
4	511	203	0	0	0	0
5	510	204	0	0	0	0
6	510	203	0	0	0	0
7	512	204	0	0	0	0
8	512	204	0	0	0	0
9	511	204	0	0	0	0
10	510	204	0	0	0	0
11	510	204	0	0	0	0
12	512	204	0	0	0	0
13	510	204	0	0	0	0
14	515	203	0	0	0	0
15	512	203	0	0	0	0
0	511	203	0	0	0	0
1	514	202	0	0	0	0
2	512	202	0	0	0	0
3	511	201	0	0	0	0
4	511	201	0	0	0	0
5	515	200	0	0	0	0
6	511	199	0	0	0	0
7	513	199	0	0	0	0
8	512	198	0	0	0	0
9	513	197	0	0	0	0
10	509	196	0	0	0	0
11	510	195	0	0	0	0
12	513	194	0	0	0	0
13	512	193	0	0	0	0
14	511	192	0	0	0	0
15	511	191	0	0	0	0
0	512	190	0	0	0	0
1	512	189	0	0	0	0
2	511	188	0	0	0	0
3	510	187	0	0	0	0
4	510	186	0	0	0	0
5	511	185	0	0	0	0
6	513	184	0	0	0	0
7	515	183	0	0	0	0
8	510	183	0	0	0	0
9	510	182	0	0	0	0
10	513	181	0	0	0	0
11	512	180	0	0	0	0
12	514	180	0	0	0	0
13	510	179	0	0	0	0
14	514	178	0	0	0	0
15	511	177	0	0	0	0
0	512	176	0	0	0	0
1	513	176	0	0	0	0
2	513	175	0	0	0	0
3	513	175	0	0	0	0
4	510	174	0	0	0	0
5	512	174	0	0	0	0
6	513	174	0	0	0	0
7	509	174	0	0	0	0
8	509	174	0	0	0	0
9	509	174	0	0	0	0
10	510	174	0	0	0	0
11	513	174	0	0	0	0
12	511	175	0	0	0	0
13	510	175	0	0	0	0
14	511	175	0	0	0	0
15	512	175	0	0	0	0
0	512	176	0	0	0	0
1	511	176	0	0	0	0
2	508	176	0	0	0	0
3	509	177	0	0	0	0
4	513	178	0	0	0	0
5	510	178	0	0	0	0
6	512	179	0	0	0	0
7	513	179	0	0	0	0
8	509	180	0	0	0	0
9	514	181	0	0	0	0
10	511	182	0	0	0	0
11	511	183	0	0	0	0
12	511	184	0	0	0	0
13	508	185	0	0	0	0
14	513	185	0	0	0	0
15	510	187	0	0	0	0
0	512	188	0	0	0	0
1	512	189	0	0	0	0
2	511	189	0	0	0	0
3	511	190	0	0	0	0
4	511	191	0	0	0	0
5	509	192	0	0	0	0
6	511	193	0	0	0	0
7	508	194	0	0	0	0
8	511	195	0	0	0	0
9	512	196	0	0	0	0
10	516	197	0	0	0	0
11	515	198	0	0	0	0
12	511	199	0	0	0	0
13	511	200	0	0	0	0
14	512	201	0	0	0	0
15	511	201	0	0	0	0
0	510	202	0	0	0	0
1	512	203	0	0	0	0
2	514	203	0	0	0	0
3	512	204	0	0	0	0
4	512	204	0	0	0	0
5	511	205	0	0	0	0
6	514	205	0	0	0	0
7	512	206	0	0	0	0
8	513	206	0	0	0	0
9	513	206	0	0	0	0
10	510	206	0	0	0	0
11	512	206	0	0	0	0
12	509	206	0	0	0	0
13	512	206	0	0	0	0
14	510	206	0	0	0	0
15	509	206	0	0	0	0
0	511	206	0	0	0	0
1	515	206	0	0	0	0
2	511	205	0	0	0	0
3	512	205	0	0	0	0
4	512	204	0	0	0	0
5	512	204	0	0	0	0
6	511	203	0	0	0	0
7	511	203	0	0	0	0
8	512	202	0	0	0	0
9	512	201	0	0	0	0
10	513	200	0	0	0	0
11	515	199	0	0	0	0
12	512	198	0	0	0	0
13	513	198	0	0	0	0
14	510	196	0	0	0	0
15	512	195	0	0	0	0
0	510	195	0	0	0	0
1	510	193	0	0	0	0
2	512	192	0	0	0	0
3	510	191	0	0	0	0
4	509	191	0	0	0	0
5	511	190	0	0	0	0
6	511	189	0	0	0	0
7	511	187	0	0	0	0
8	510	187	0	0	0	0
9	511	185	0	0	0	0
10	511	184	0	0	0	0
11	512	184	0	0	0	0
12	511	183	0	0	0	0
13	514	182	0	0	0	0
14	513	181	0	0	0	0
15	512	180	0	0	0	0
0	512	179	0	0	0	0
1	511	179	0	0	0	0
2	511	178	0	0	0	0
3	513	178	0	0	0	0
4	511	177	0	0	0	0
5	510	176	0	0	0	0
6	510	176	0	0	0	0
7	510	176	0	0	0	0
8	513	175	0	0	0	0
9	512	175	0	0	0	0
10	511	175	0	0	0	0
11	511	175	0	0	0	0
12	513	175	0	0	0	0
13	514	175	0	0	0	0
14	513	175	0	0	0	0
15	511	175	0	0	0	0
0	512	176	0	0	0	0
1	515	176	0	0	0	0
2	512	176	0	0	0	0
3	515	176	0	0	0	0
4	510	177	0	0	0	0
5	512	177	0	0	0	0
6	512	177	0	0	0	0
7	511	178	0	0	0	0
8	511	178	0	0	0	0
9	508	179	0	0	0	0
10	512	179	0	0	0	0
11	510	180	0	0	0	0
12	511	181	0	0	0	0
13	513	182	0	0	0	0
14	511	183	0	0	0	0
15	510	184	0	0	0	0
0	512	185	0	0	0	0
1	509	185	0	0	0	0
2	511	187	0	0	0	0
3	510	187	0	0	0	0
4	511	188	0	0	0	0
5	512	189	0	0	0	0
6	511	190	0	0	0	0
7	511	191	0	0	0	0
8	511	192	0	0	0	0
9	510	193	0	0	0	0
10	509	194	0	0	0	0
11	511	195	0	0	0	0
12	512	196	0	0	0	0
13	513	197	0	0	0	0
14	515	198	0	0	0	0
15	511	199	0	0	0	0
0	509	199	0	0	0	0
1	511	200	0	0	0	0
2	511	201	0	0	0	0
3	512	202	0	0	0	0
4	513	205	0	0	0	0
5	509	206	0	0	0	0
6	510	206	0	0	0	0
7	513	207	0	0	0	0
8	511	207	0	0	0	0
9	510	207	0	0	0	0
10	510	208	0	0	0	0
11	511	208	0	0	0	0
12	514	208	0	0	0	0
13	510	208	0	0	0	0
14	514	209	0	0	0	0
15	513	209	0	0	0	0
0	512	209	0	0	0	0
1	509	209	0	0	0	0
2	509	209	0	0	0	0
3	510	209	0	0	0	0
4	511	209	0	0	0	0
5	512	208	0	0	0	0
6	513	208	0	0	0	0
7	511	206	0	0	0	0
8	511	207	0	0	0	0
9	513	207	0	0	0	0
10	511	207	0	0	0	0
11	510	207	0	0	0	0
12	513	207	0	0	0	0
13	513	206	0	0	0	0
14	511	205	0	0	0	0
15	506	202	0	0	0	0
0	515	201	0	0	0	0
1	511	201	0	0	0	0
2	513	200	0	0	0	0
3	511	199	0	0	0	0
4	510	199	0	0	0	0
5	513	198	0	0	0	0
6	513	197	0	0	0	0
7	510	196	0	0	0	0
8	509	195	0	0	0	0
9	509	194	0	0	0	0
10	510	193	0	0	0	0
11	512	192	0	0	0	0
12	512	191	0	0	0	0
13	510	190	0	0	0	0
14	510	189	0	0	0	0
15	512	188	0	0	0	0
0	511	187	0	0	0	0
1	511	186	0	0	0	0
2	517	185	0	0	0	0
3	511	184	0	0	0	0
4	512	183	0	0	0	0
5	508	183	0	0	0	0
6	511	182	0	0	0	0
7	514	181	0	0	0	0
8	511	180	0	0	0	0
9	509	179	0	0	0	0
10	512	179	0	0	0	0
11	513	178	0	0	0	0
12	509	177	0	0	0	0
13	509	177	0	0	0	0
14	514	177	0	0	0	0
15	512	176	0	0	0	0
0	513	176	0	0	0	0
1	513	176	0	0	0	0
2	509	176	0	0	0	0
3	511	175	0	0	0	0
4	512	175	0	0	0	0
5	512	175	0	0	0	0
6	511	176	0	0	0	0
7	512	176	0	0	0	0
8	514	176	0	0	0	0
9	512	176	0	0	0	0
10	510	176	0	0	0	0
11	511	177	0	0	0	0
12	512	177	0	0	0	0
13	509	177	0	0	0	0
14	512	178	0	0	0	0
15	510	178	0	0	0	0
0	509	179	0	0	0	0
1	508	179	0	0	0	0
2	511	180	0	0	0	0
3	512	180	0	0	0	0
4	510	181	0	0	0	0
5	507	182	0	0	0	0
6	512	183	0	0	0	0
7	512	183	0	0	0	0
8	512	184	0	0	0	0
9	513	184	0	0	0	0
10	513	185	0	0	0	0
11	513	186	0	0	0	0
12	511	187	0	0	0	0
13	513	188	0	0	0	0
14	511	188	0	0	0	0
15	515	189	0	0	0	0
0	510	190	0	0	0	0
1	511	191	0	0	0	0
2	513	191	0	0	0	0
3	511	192	0	0	0	0
4	515	193	0	0	0	0
5	512	194	0	0	0	0
6	511	195	0	0	0	0
7	511	195	0	0	0	0
8	512	196	0	0	0	0
9	510	197	0	0	0	0
10	511	198	0	0	0	0
11	512	198	0	0	0	0
12	513	199	0	0	0	0
13	514	199	0	0	0	0
14	508	200	0	0	0	0
15	512	201	0	0	0	0
0	512	201	0	0	0	0
1	512	202	0	0	0	0
2	511	203	0	0	0	0
3	512	203	0	0	0	0
4	512	204	0	0	0	0
5	510	204	0	0	0	0
6	512	204	0	0	0	0
7	509	204	0	0	0	0
8	508	205	0	0	0	0
9	514	206	0	0	0	0
10	512	205	0	0	0	0
11	512	205	0	0	0	0
12	509	206	0	0	0	0
13	512	206	0	0	0	0
14	510	206	0	0	0	0
15	513	206	0	0	0	0
0	513	206	0	0	0	0
1	510	206	0	0	0	0
2	511	206	0	0	0	0
3	511	206	0	0	0	0
4	512	206	0	0	0	0
5	509	206	0	0	0	0
6	512	206	0	0	0	0
7	512	205	0	0	0	0
8	512	205	0	0	0	0
9	510	204	0	0	0	0
10	514	204	0	0	0	0
11	511	203	0	0	0	0
12	510	203	0	0	0	0
13	513	202	0	0	0	0
14	508	201	0	0	0	0
15	510	200	0	0	0	0
0	512	199	0	0	0	0
1	509	199	0	0	0	0
2	511	198	0	0	0	0
3	515	197	0	0	0	0
4	511	196	0	0	0	0
5	513	195	0	0	0	0
6	511	194	0	0	0	0
7	509	193	0	0	0	0
8	512	192	0	0	0	0
9	512	191	0	0	0	0
10	512	190	0	0	0	0
11	512	189	0	0	0	0
12	511	188	0	0	0	0
13	513	187	0	0	0	0
14	511	186	0	0	0	0
15	512	185	0	0	0	0
0	512	184	0	0	0	0
1	510	183	0	0	0	0
2	511	182	0	0	0	0
3	512	181	0	0	0	0
4	512	180	0	0	0	0
5	512	180	0	0	0	0
6	513	179	0	0	0	0
7	513	178	0	0	0	0
8	512	177	0	0	0	0
9	512	177	0	0	0	0
10	512	176	0	0	0	0
11	509	176	0	0	0	0
12	514	176	0	0	0	0
13	514	175	0	0	0	0
14	513	175	0	0	0	0
15	512	175	0	0	0	0
0	512	175	0	0	0	0
1	511	175	0	0	0	0
2	513	175	0	0	0	0
3	510	175	0	0	0	0
4	511	175	0	0	0	0
5	509	175	0	0	0	0
6	511	175	0	0	0	0
7	510	175	0	0	0	0
8	511	176	0	0	0	0
9	513	176	0	0	0	0
10	513	176	0	0	0	0
11	512	176	0	0	0	0
12	511	177	0	0	0	0
13	511	177	0	0	0	0
14	511	177	0	0	0	0
15	511	178	0	0	0	0
0	511	178	0	0	0	0
1	511	179	0	0	0	0
2	511	179	0	0	0	0
3	511	180	0	0	0	0
4	512	181	0	0	0	0
5	513	182	0	0	0	0
6	513	183	0	0	0	0
7	511	183	0	0	0	0
8	512	184	0	0	0	0
9	512	184	0	0	0	0
10	511	186	0	0	0	0
11	511	186	0	0	0	0
12	511	188	0	0	0	0
13	511	188	0	0	0	0
14	510	189	0	0	0	0
15	512	190	0	0	0	0
0	512	191	0	0	0	0
1	513	191	0	0	0	0
2	509	192	0	0	0	0
3	514	193	0	0	0	0
4	510	193	0	0	0	0
5	512	194	0	0	0	0
6	510	195	0	0	0	0
7	511	195	0	0	0	0
8	508	196	0	0	0	0
9	510	197	0	0	0	0
10	514	198	0	0	0	0
11	509	199	0	0	0	0
12	510	199	0	0	0	0
13	512	199	0	0	0	0
14	513	200	0	0	0	0
15	513	201	0	0	0	0

