0	511	181	0	0	0	0
1	510	181	0	0	0	0
2	509	180	0	0	0	0
3	513	180	0	0	0	0
4	512	179	0	0	0	0
5	515	179	0	0	0	0
6	510	179	0	0	0	0
7	508	178	0	0	0	0
8	512	177	0	0	0	0
9	511	177	0	0	0	0
10	512	176	0	0	0	0
11	511	176	0	0	0	0
12	510	175	0	0	0	0
13	510	175	0	0	0	0
14	512	174	0	0	0	0
15	510	174	0	0	0	0
0	510	173	0	0	0	0
1	511	173	0	0	0	0
2	512	172	0	0	0	0
3	509	172	0	0	0	0
4	513	172	0	0	0	0
5	510	171	0	0	0	0
6	508	170	0	0	0	0
7	509	170	0	0	0	0
8	512	170	0	0	0	0
9	511	169	0	0	0	0
10	511	169	0	0	0	0
11	509	168	0	0	0	0
12	510	167	0	0	0	0
13	511	167	0	0	0	0
14	513	167	0	0	0	0
15	510	166	0	0	0	0
0	509	166	0	0	0	0
1	513	165	0	0	0	0
2	510	165	0	0	0	0
3	511	164	0	0	0	0
4	511	164	0	0	0	0
5	514	163	0	0	0	0
6	510	163	0	0	0	0
7	512	163	0	0	0	0
8	512	162	0	0	0	0
9	514	162	0	0	0	0
10	510	161	0	0	0	0
11	511	161	0	0	0	0
12	510	160	0	0	0	0
13	513	160	0	0	0	0
14	515	160	0	0	0	0
15	509	159	0	0	0	0
0	509	159	0	0	0	0
1	511	159	0	0	0	0
2	511	159	0	0	0	0
3	511	158	0	0	0	0
4	509	158	0	0	0	0
5	510	157	0	0	0	0
6	511	158	0	0	0	0
7	513	157	0	0	0	0
8	511	157	0	0	0	0
9	511	157	0	0	0	0
10	511	156	0	0	0	0
11	511	156	0	0	0	0
12	511	156	0	0	0	0
13	509	156	0	0	0	0
14	511	156	0	0	0	0
15	509	156	0	0	0	0
0	510	156	0	0	0	0
1	511	156	0	0	0	0
2	513	156	0	0	0	0
3	512	156	0	0	0	0
4	512	156	0	0	0	0
5	512	156	0	0	0	0
6	511	156	0	0	0	0
7	512	156	0	0	0	0
8	512	157	0	0	0	0
9	511	156	0	0	0	0
10	511	156	0	0	0	0
11	511	156	0	0	0	0
12	514	156	0	0	0	0
13	511	156	0	0	0	0
14	512	157	0	0	0	0
15	512	156	0	0	0	0
0	510	156	0	0	0	0
1	511	157	0	0	0	0
2	513	157	0	0	0	0
3	512	158	0	0	0	0
4	511	157	0	0	0	0
5	510	158	0	0	0	0
6	512	158	0	0	0	0
7	511	158	0	0	0	0
8	511	159	0	0	0	0
9	513	159	0	0	0	0
10	511	159	0	0	0	0
11	509	159	0	0	0	0
12	512	159	0	0	0	0
13	513	159	0	0	0	0
14	511	159	0	0	0	0
15	512	159	0	0	0	0
0	511	160	0	0	0	0
1	516	160	0	0	0	0
2	509	160	0	0	0	0
3	513	160	0	0	0	0
4	511	161	0	0	0	0
5	513	161	0	0	0	0
6	511	161	0	0	0	0
7	511	161	0	0	0	0
8	512	161	0	0	0	0
9	513	162	0	0	0	0
10	514	162	0	0	0	0
11	512	163	0	0	0	0
12	510	163	0	0	0	0
13	511	164	0	0	0	0
14	510	164	0	0	0	0
15	516	165	0	0	0	0
0	513	165	0	0	0	0
1	512	166	0	0	0	0
2	510	166	0	0	0	0
3	511	167	0	0	0	0
4	511	167	0	0	0	0
5	512	168	0	0	0	0
6	511	168	0	0	0	0
7	511	168	0	0	0	0
8	513	169	0	0	0	0
9	513	169	0	0	0	0
10	513	170	0	0	0	0
11	511	170	0	0	0	0
12	513	171	0	0	0	0
13	511	171	0	0	0	0
14	511	172	0	0	0	0
15	511	172	0	0	0	0
0	509	172	0	0	0	0
1	511	173	0	0	0	0
2	510	173	0	0	0	0
3	509	174	0	0	0	0
4	511	174	0	0	0	0
5	507	175	0	0	0	0
6	513	175	0	0	0	0
7	510	176	0	0	0	0
8	511	176	0	0	0	0
9	512	176	0	0	0	0
10	510	177	0	0	0	0
11	512	177	0	0	0	0
12	510	177	0	0	0	0
13	512	178	0	0	0	0
14	513	178	0	0	0	0
15	512	178	0	0	0	0
0	508	179	0	0	0	0
1	511	179	0	0	0	0
2	510	180	0	0	0	0
3	513	180	0	0	0	0
4	512	180	0	0	0	0
5	514	180	0	0	0	0
6	508	181	0	0	0	0
7	513	181	0	0	0	0
8	512	181	0	0	0	0
9	513	180	0	0	0	0
10	511	181	0	0	0	0
11	513	182	0	0	0	0
12	512	183	0	0	0	0
13	515	184	0	0	0	0
14	511	183	0	0	0	0
15	509	184	0	0	0	0
0	510	183	0	0	0	0
1	511	184	0	0	0	0
2	510	184	0	0	0	0
3	511	184	0	0	0	0
4	512	184	0	0	0	0
5	514	184	0	0	0	0
6	510	184	0	0	0	0
7	512	184	0	0	0	0
8	511	185	0	0	0	0
9	510	185	0	0	0	0
10	512	185	0	0	0	0
11	510	185	0	0	0	0
12	511	186	0	0	0	0
13	510	186	0	0	0	0
14	512	186	0	0	0	0
15	511	187	0	0	0	0
0	511	187	0	0	0	0
1	507	187	0	0	0	0
2	513	187	0	0	0	0
3	512	187	0	0	0	0
4	513	187	0	0	0	0
5	511	187	0	0	0	0
6	511	187	0	0	0	0
7	509	187	0	0	0	0
8	510	188	0	0	0	0
9	513	188	0	0	0	0
10	512	188	0	0	0	0
11	508	188	0	0	0	0
12	512	188	0	0	0	0
13	513	188	0	0	0	0
14	508	189	0	0	0	0
15	515	189	0	0	0	0
0	511	189	0	0	0	0
1	513	188	0	0	0	0
2	512	189	0	0	0	0
3	511	189	0	0	0	0
4	512	188	0	0	0	0
5	507	187	0	0	0	0
6	513	187	0	0	0	0
7	509	188	0	0	0	0
8	512	189	0	0	0	0
9	510	189	0	0	0	0
10	512	189	0	0	0	0
11	514	189	0	0	0	0
12	514	189	0	0	0	0
13	511	189	0	0	0	0
14	510	188	0	0	0	0
15	510	189	0	0	0	0
0	511	188	0	0	0	0
1	515	189	0	0	0	0
2	511	189	0	0	0	0
3	510	188	0	0	0	0
4	510	188	0	0	0	0
5	513	187	0	0	0	0
6	511	187	0	0	0	0
7	512	188	0	0	0	0
8	511	188	0	0	0	0
9	510	188	0	0	0	0
10	508	188	0	0	0	0
11	510	188	0	0	0	0
12	510	188	0	0	0	0
13	512	188	0	0	0	0
14	512	188	0	0	0	0
15	515	188	0	0	0	0
0	511	187	0	0	0	0
1	512	187	0	0	0	0
2	511	186	0	0	0	0
3	512	186	0	0	0	0
4	510	187	0	0	0	0
5	512	187	0	0	0	0
6	512	187	0	0	0	0
7	511	187	0	0	0	0
8	511	186	0	0	0	0
9	513	187	0	0	0	0
10	512	187	0	0	0	0
11	512	187	0	0	0	0
12	511	187	0	0	0	0
13	510	185	0	0	0	0
14	510	186	0	0	0	0
15	514	185	0	0	0	0
0	512	185	0	0	0	0
1	513	185	0	0	0	0
2	513	185	0	0	0	0
3	511	184	0	0	0	0
4	512	184	0	0	0	0
5	513	184	0	0	0	0
6	512	184	0	0	0	0
7	513	183	0	0	0	0
8	510	183	0	0	0	0
9	511	183	0	0	0	0
10	511	183	0	0	0	0
11	511	183	0	0	0	0
12	508	182	0	0	0	0
13	513	182	0	0	0	0
14	510	182	0	0	0	0
15	511	182	0	0	0	0
0	513	181	0	0	0	0
1	511	181	0	0	0	0
2	508	180	0	0	0	0
3	512	180	0	0	0	0
4	511	180	0	0	0	0
5	512	179	0	0	0	0
6	513	179	0	0	0	0
7	513	179	0	0	0	0
8	513	179	0	0	0	0
9	512	178	0	0	0	0
10	512	178	0	0	0	0
11	515	177	0	0	0	0
12	510	177	0	0	0	0
13	512	176	0	0	0	0
14	511	176	0	0	0	0
15	513	176	0	0	0	0
0	513	175	0	0	0	0
1	511	175	0	0	0	0
2	512	174	0	0	0	0
3	513	174	0	0	0	0
4	511	174	0	0	0	0
5	512	174	0	0	0	0
6	511	173	0	0	0	0
7	512	173	0	0	0	0
8	513	172	0	0	0	0
9	513	172	0	0	0	0
10	512	172	0	0	0	0
11	510	172	0	0	0	0
12	512	171	0	0	0	0
13	512	171	0	0	0	0
14	512	171	0	0	0	0
15	509	170	0	0	0	0
0	510	170	0	0	0	0
1	511	169	0	0	0	0
2	513	169	0	0	0	0
3	512	169	0	0	0	0
4	510	168	0	0	0	0
5	511	168	0	0	0	0
6	511	167	0	0	0	0
7	511	167	0	0	0	0
8	512	167	0	0	0	0
9	512	166	0	0	0	0
10	509	166	0	0	0	0
11	510	166	0	0	0	0
12	511	165	0	0	0	0
13	511	164	0	0	0	0
14	509	163	0	0	0	0
15	513	163	0	0	0	0
0	511	163	0	0	0	0
1	511	163	0	0	0	0
2	511	163	0	0	0	0
3	509	163	0	0	0	0
4	511	163	0	0	0	0
5	511	163	0	0	0	0
6	511	162	0	0	0	0
7	514	162	0	0	0	0
8	513	161	0	0	0	0
9	506	161	0	0	0	0
10	512	161	0	0	0	0
11	511	160	0	0	0	0
12	510	160	0	0	0	0
13	511	159	0	0	0	0
14	509	159	0	0	0	0
15	510	159	0	0	0	0
0	510	159	0	0	0	0
1	511	159	0	0	0	0
2	512	158	0	0	0	0
3	513	158	0	0	0	0
4	512	158	0	0	0	0
5	511	158	0	0	0	0
6	512	157	0	0	0	0
7	512	157	0	0	0	0
8	514	157	0	0	0	0
9	509	157	0	0	0	0
10	512	157	0	0	0	0
11	509	157	0	0	0	0
12	511	157	0	0	0	0
13	512	157	0	0	0	0
14	512	158	0	0	0	0
15	511	157	0	0	0	0
0	512	158	0	0	0	0
1	511	158	0	0	0	0
2	514	158	0	0	0	0
3	511	158	0	0	0	0
4	512	158	0	0	0	0
5	515	158	0	0	0	0
6	512	158	0	0	0	0
7	510	158	0	0	0	0
8	511	158	0	0	0	0
9	512	159	0	0	0	0
10	512	158	0	0	0	0
11	514	159	0	0	0	0
12	513	159	0	0	0	0
13	509	159	0	0	0	0
14	511	159	0	0	0	0
15	511	159	0	0	0	0
0	511	160	0	0	0	0
1	510	160	0	0	0	0
2	513	160	0	0	0	0
3	511	160	0	0	0	0
4	510	160	0	0	0	0
5	510	160	0	0	0	0
6	511	161	0	0	0	0
7	510	161	0	0	0	0
8	512	161	0	0	0	0
9	511	162	0	0	0	0
10	510	162	0	0	0	0
11	515	163	0	0	0	0
12	510	163	0	0	0	0
13	512	163	0	0	0	0
14	507	164	0	0	0	0
15	513	164	0	0	0	0
0	513	164	0	0	0	0
1	513	165	0	0	0	0
2	515	165	0	0	0	0
3	509	166	0	0	0	0
4	513	166	0	0	0	0
5	513	167	0	0	0	0
6	512	167	0	0	0	0
7	513	168	0	0	0	0
8	512	168	0	0	0	0
9	510	169	0	0	0	0
10	511	169	0	0	0	0
11	513	170	0	0	0	0
12	510	171	0	0	0	0
13	512	171	0	0	0	0
14	512	172	0	0	0	0
15	512	172	0	0	0	0
0	512	173	0	0	0	0
1	511	173	0	0	0	0
2	516	174	0	0	0	0
3	513	174	0	0	0	0
4	513	175	0	0	0	0
5	510	175	0	0	0	0
6	512	176	0	0	0	0
7	510	176	0	0	0	0
8	515	176	0	0	0	0
9	512	177	0	0	0	0
10	511	177	0	0	0	0
11	510	179	0	0	0	0
12	514	179	0	0	0	0
13	510	179	0	0	0	0
14	511	180	0	0	0	0
15	515	180	0	0	0	0
0	512	181	0	0	0	0
1	508	181	0	0	0	0
2	511	182	0	0	0	0
3	510	182	0	0	0	0
4	512	183	0	0	0	0
5	513	183	0	0	0	0
6	512	183	0	0	0	0
7	513	183	0	0	0	0
8	512	184	0	0	0	0
9	512	184	0	0	0	0
10	514	184	0	0	0	0
11	512	184	0	0	0	0
12	511	185	0	0	0	0
13	509	185	0	0	0	0
14	513	185	0	0	0	0
15	513	186	0	0	0	0
0	511	186	0	0	0	0
1	511	186	0	0	0	0
2	514	186	0	0	0	0
3	510	186	0	0	0	0
4	511	186	0	0	0	0
5	510	187	0	0	0	0
6	510	187	0	0	0	0
7	509	187	0	0	0	0
8	510	187	0	0	0	0
9	511	187	0	0	0	0
10	514	187	0	0	0	0
11	513	187	0	0	0	0
12	512	187	0	0	0	0
13	510	187	0	0	0	0
14	511	188	0	0	0	0
15	513	188	0	0	0	0
0	513	188	0	0	0	0
1	512	187	0	0	0	0
2	515	187	0	0	0	0
3	511	187	0	0	0	0
4	508	187	0	0	0	0
5	511	187	0	0	0	0
6	511	187	0	0	0	0
7	507	187	0	0	0	0
8	512	187	0	0	0	0
9	511	187	0	0	0	0
10	510	186	0	0	0	0
11	513	187	0	0	0	0
12	507	186	0	0	0	0
13	512	186	0	0	0	0
14	513	186	0	0	0	0
15	509	186	0	0	0	0
0	512	186	0	0	0	0
1	510	185	0	0	0	0
2	508	185	0	0	0	0
3	511	185	0	0	0	0
4	510	185	0	0	0	0
5	512	184	0	0	0	0
6	513	184	0	0	0	0
7	515	184	0	0	0	0
8	512	184	0	0	0	0
9	510	184	0	0	0	0
10	509	184	0	0	0	0
11	509	183	0	0	0	0
12	512	183	0	0	0	0
13	512	183	0	0	0	0
14	509	182	0	0	0	0
15	509	182	0	0	0	0
0	513	182	0	0	0	0
1	510	182	0	0	0	0
2	513	180	0	0	0	0
3	511	179	0	0	0	0
4	512	178	0	0	0	0
5	510	178	0	0	0	0
6	511	179	0	0	0	0
7	513	179	0	0	0	0
8	510	178	0	0	0	0
9	513	177	0	0	0	0
10	511	177	0	0	0	0
11	512	176	0	0	0	0
12	510	176	0	0	0	0
13	513	175	0	0	0	0
14	510	175	0	0	0	0
15	512	174	0	0	0	0
0	510	174	0	0	0	0
1	512	173	0	0	0	0
2	509	173	0	0	0	0
3	510	172	0	0	0	0
4	512	172	0	0	0	0
5	508	171	0	0	0	0
6	513	170	0	0	0	0
7	512	169	0	0	0	0
8	512	168	0	0	0	0
9	511	168	0	0	0	0
10	513	167	0	0	0	0
11	510	167	0	0	0	0
12	512	166	0	0	0	0
13	514	166	0	0	0	0
14	512	165	0	0	0	0
15	513	164	0	0	0	0
0	508	164	0	0	0	0
1	512	163	0	0	0	0
2	512	163	0	0	0	0
3	508	163	0	0	0	0
4	507	162	0	0	0	0
5	511	161	0	0	0	0
6	512	161	0	0	0	0
7	509	161	0	0	0	0
8	514	161	0	0	0	0
9	511	160	0	0	0	0
10	506	160	0	0	0	0
11	510	159	0	0	0	0
12	512	159	0	0	0	0
13	511	159	0	0	0	0
14	509	159	0	0	0	0
15	511	159	0	0	0	0
0	511	158	0	0	0	0
1	513	158	0	0	0	0
2	510	158	0	0	0	0
3	511	158	0	0	0	0
4	511	157	0	0	0	0
5	512	157	0	0	0	0
6	512	157	0	0	0	0
7	514	156	0	0	0	0
8	510	156	0	0	0	0
9	512	156	0	0	0	0
10	511	156	0	0	0	0
11	513	156	0	0	0	0
12	514	156	0	0	0	0
13	510	155	0	0	0	0
14	508	156	0	0	0	0
15	510	155	0	0	0	0
0	515	155	0	0	0	0
1	509	155	0	0	0	0
2	511	155	0	0	0	0
3	514	155	0	0	0	0
4	513	155	0	0	0	0
5	508	155	0	0	0	0
6	512	155	0	0	0	0
7	509	155	0	0	0	0
8	510	155	0	0	0	0
9	512	155	0	0	0	0
10	514	155	0	0	0	0
11	513	156	0	0	0	0
12	511	155	0	0	0	0
13	510	156	0	0	0	0
14	510	156	0	0	0	0
15	513	156	0	0	0	0
0	512	157	0	0	0	0
1	510	157	0	0	0	0
2	512	157	0	0	0	0
3	511	157	0	0	0	0
4	511	158	0	0	0	0
5	511	158	0	0	0	0
6	510	158	0	0	0	0
7	510	158	0	0	0	0
8	510	159	0	0	0	0
9	513	159	0	0	0	0
10	510	159	0	0	0	0
11	511	160	0	0	0	0
12	512	160	0	0	0	0
13	510	161	0	0	0	0
14	513	161	0	0	0	0
15	510	161	0	0	0	0
0	513	161	0	0	0	0
1	512	162	0	0	0	0
2	510	163	0	0	0	0
3	511	163	0	0	0	0
4	513	163	0	0	0	0
5	510	164	0	0	0	0
6	509	165	0	0	0	0
7	511	165	0	0	0	0
8	510	166	0	0	0	0
9	512	166	0	0	0	0
10	510	167	0	0	0	0
11	509	167	0	0	0	0
12	512	168	0	0	0	0
13	505	168	0	0	0	0
14	510	169	0	0	0	0
15	512	170	0	0	0	0
0	512	171	0	0	0	0
1	512	171	0	0	0	0
2	511	172	0	0	0	0
3	512	172	0	0	0	0
4	510	172	0	0	0	0
5	509	173	0	0	0	0
6	511	174	0	0	0	0
7	511	175	0	0	0	0
8	512	175	0	0	0	0
9	510	175	0	0	0	0
10	509	176	0	0	0	0
11	512	177	0	0	0	0
12	510	177	0	0	0	0
13	512	178	0	0	0	0
14	512	179	0	0	0	0
15	511	179	0	0	0	0
0	509	180	0	0	0	0
1	514	180	0	0	0	0
2	510	181	0	0	0	0
3	510	181	0	0	0	0
4	512	182	0	0	0	0
5	512	182	0	0	0	0
6	512	183	0	0	0	0
7	511	183	0	0	0	0
8	510	183	0	0	0	0
9	510	184	0	0	0	0
10	510	184	0	0	0	0
11	511	184	0	0	0	0
12	513	184	0	0	0	0
13	511	185	0	0	0	0
14	511	185	0	0	0	0
15	513	186	0	0	0	0
0	509	185	0	0	0	0
1	509	186	0	0	0	0
2	512	186	0	0	0	0
3	513	187	0	0	0	0
4	510	187	0	0	0	0
5	513	187	0	0	0	0
6	510	187	0	0	0	0
7	512	187	0	0	0	0
8	512	187	0	0	0	0
9	511	187	0	0	0	0
10	510	188	0	0	0	0
11	513	187	0	0	0	0
12	512	188	0	0	0	0
13	512	187	0	0	0	0
14	508	188	0	0	0	0
15	512	188	0	0	0	0
0	512	188	0	0	0	0
1	515	188	0	0	0	0
2	511	188	0	0	0	0
3	512	187	0	0	0	0
4	513	187	0	0	0	0
5	511	187	0	0	0	0
6	508	187	0	0	0	0
7	512	187	0	0	0	0
8	512	187	0	0	0	0
9	508	187	0	0	0	0
10	511	187	0	0	0	0
11	512	187	0	0	0	0
12	510	187	0	0	0	0
13	513	187	0	0	0	0
14	512	186	0	0	0	0
15	511	186	0	0	0	0
0	508	186	0	0	0	0
1	513	185	0	0	0	0
2	514	185	0	0	0	0
3	511	184	0	0	0	0
4	513	184	0	0	0	0
5	511	184	0	0	0	0
6	512	184	0	0	0	0
7	512	183	0	0	0	0
8	510	183	0	0	0	0
9	512	182	0	0	0	0
10	511	182	0	0	0	0
11	508	181	0	0	0	0
12	511	180	0	0	0	0
13	512	180	0	0	0	0
14	513	179	0	0	0	0
15	510	179	0	0	0	0
0	509	178	0	0	0	0
1	512	178	0	0	0	0
2	513	178	0	0	0	0
3	512	177	0	0	0	0
4	512	176	0	0	0	0
5	508	176	0	0	0	0
6	511	175	0	0	0	0
7	512	174	0	0	0	0
8	510	174	0	0	0	0
9	511	174	0	0	0	0
10	510	173	0	0	0	0
11	511	172	0	0	0	0
12	511	172	0	0	0	0
13	511	171	0	0	0	0
14	512	171	0	0	0	0
15	510	170	0	0	0	0
0	513	170	0	0	0	0
1	509	169	0	0	0	0
2	511	168	0	0	0	0
3	512	167	0	0	0	0
4	514	167	0	0	0	0
5	511	167	0	0	0	0
6	511	166	0	0	0	0
7	511	166	0	0	0	0
8	511	165	0	0	0	0
9	508	164	0	0	0	0
10	507	164	0	0	0	0
11	510	163	0	0	0	0
12	511	163	0	0	0	0
13	511	162	0	0	0	0
14	511	162	0	0	0	0
15	513	161	0	0	0	0
0	510	161	0	0	0	0
1	510	160	0	0	0	0
2	511	161	0	0	0	0
3	510	159	0	0	0	0
4	512	159	0	0	0	0
5	512	159	0	0	0	0
6	507	159	0	0	0	0
7	511	159	0	0	0	0
8	512	159	0	0	0	0
9	511	158	0	0	0	0
10	512	158	0	0	0	0
11	510	157	0	0	0	0
12	512	157	0	0	0	0
13	514	157	0	0	0	0
14	514	156	0	0	0	0
15	511	156	0	0	0	0
0	512	156	0	0	0	0
1	513	156	0	0	0	0
2	511	156	0	0	0	0
3	511	155	0	0	0	0
4	512	155	0	0	0	0
5	512	155	0	0	0	0
6	513	155	0	0	0	0
7	512	155	0	0	0	0
8	510	155	0	0	0	0
9	513	154	0	0	0	0
10	513	155	0	0	0	0
11	512	155	0	0	0	0
12	512	155	0	0	0	0
13	509	155	0	0	0	0
14	509	155	0	0	0	0
15	508	155	0	0	0	0
0	511	155	0	0	0	0
1	509	155	0	0	0	0
2	511	155	0	0	0	0
3	512	156	0	0	0	0
4	511	156	0	0	0	0
5	508	156	0	0	0	0
6	511	156	0	0	0	0
7	512	156	0	0	0	0
8	513	156	0	0	0	0
9	513	157	0	0	0	0
10	512	157	0	0	0	0
11	512	157	0	0	0	0
12	509	158	0	0	0	0
13	514	158	0	0	0	0
14	512	158	0	0	0	0
15	512	158	0	0	0	0
0	516	159	0	0	0	0
1	511	159	0	0	0	0
2	510	159	0	0	0	0
3	511	159	0	0	0	0
4	510	160	0	0	0	0
5	512	160	0	0	0	0
6	508	161	0	0	0	0
7	511	161	0	0	0	0
8	515	161	0	0	0	0
9	509	162	0	0	0	0
10	513	163	0	0	0	0
11	509	163	0	0	0	0
12	511	163	0	0	0	0
13	512	164	0	0	0	0
14	511	164	0	0	0	0
15	513	165	0	0	0	0
0	512	165	0	0	0	0
1	511	166	0	0	0	0
2	511	167	0	0	0	0
3	515	167	0	0	0	0
4	510	167	0	0	0	0
5	510	167	0	0	0	0
6	512	168	0	0	0	0
7	512	169	0	0	0	0
8	512	170	0	0	0	0
9	511	170	0	0	0	0
10	513	171	0	0	0	0
11	509	171	0	0	0	0
12	509	171	0	0	0	0
13	512	171	0	0	0	0
14	511	172	0	0	0	0
15	515	173	0	0	0	0
0	511	174	0	0	0	0
1	510	175	0	0	0	0
2	508	175	0	0	0	0
3	511	176	0	0	0	0
4	511	177	0	0	0	0
5	511	177	0	0	0	0
6	514	177	0	0	0	0
7	510	178	0	0	0	0
8	512	178	0	0	0	0
9	512	179	0	0	0	0
10	513	180	0	0	0	0
11	512	180	0	0	0	0
12	507	181	0	0	0	0
13	511	182	0	0	0	0
14	513	182	0	0	0	0
15	515	183	0	0	0	0
0	511	183	0	0	0	0
1	511	183	0	0	0	0
2	511	184	0	0	0	0
3	511	185	0	0	0	0
4	512	185	0	0	0	0
5	513	185	0	0	0	0
6	512	186	0	0	0	0
7	514	186	0	0	0	0
8	511	186	0	0	0	0
9	510	186	0	0	0	0
10	512	185	0	0	0	0
11	512	186	0	0	0	0
12	512	186	0	0	0	0
13	512	187	0	0	0	0
14	510	187	0	0	0	0
15	512	187	0	0	0	0
0	511	187	0	0	0	0
1	508	187	0	0	0	0
2	512	187	0	0	0	0
3	514	186	0	0	0	0
4	514	187	0	0	0	0
5	515	187	0	0	0	0
6	512	186	0	0	0	0
7	511	186	0	0	0	0
8	512	186	0	0	0	0
9	510	185	0	0	0	0
10	508	185	0	0	0	0
11	510	185	0	0	0	0
12	509	185	0	0	0	0
13	510	184	0	0	0	0
14	513	184	0	0	0	0
15	511	184	0	0	0	0
0	512	184	0	0	0	0
1	510	184	0	0	0	0
2	509	183	0	0	0	0
3	515	183	0	0	0	0
4	514	182	0	0	0	0
5	508	182	0	0	0	0
6	509	181	0	0	0	0
7	513	180	0	0	0	0
8	510	179	0	0	0	0
9	514	179	0	0	0	0
10	508	178	0	0	0	0
11	510	179	0	0	0	0
12	512	178	0	0	0	0
13	511	177	0	0	0	0
14	512	177	0	0	0	0
15	510	176	0	0	0	0
0	513	175	0	0	0	0
1	512	174	0	0	0	0
2	513	174	0	0	0	0
3	513	173	0	0	0	0
4	509	172	0	0	0	0
5	511	171	0	0	0	0
6	508	170	0	0	0	0
7	509	169	0	0	0	0
8	513	168	0	0	0	0
9	510	167	0	0	0	0
10	511	166	0	0	0	0
11	508	166	0	0	0	0
12	509	165	0	0	0	0
13	513	164	0	0	0	0
14	512	163	0	0	0	0
15	512	162	0	0	0	0
0	512	161	0	0	0	0
1	513	161	0	0	0	0
2	512	160	0	0	0	0
3	511	159	0	0	0	0
4	511	159	0	0	0	0
5	509	158	0	0	0	0
6	508	157	0	0	0	0
7	510	156	0	0	0	0
8	512	157	0	0	0	0
9	511	156	0	0	0	0
10	512	156	0	0	0	0
11	511	155	0	0	0	0
12	511	155	0	0	0	0
13	512	155	0	0	0	0
14	515	155	0	0	0	0
15	512	155	0	0	0	0
0	508	155	0	0	0	0
1	512	155	0	0	0	0
2	510	155	0	0	0	0
3	512	156	0	0	0	0
4	511	156	0	0	0	0
5	513	156	0	0	0	0
6	509	156	0	0	0	0
7	513	156	0	0	0	0
8	511	156	0	0	0	0
9	511	157	0	0	0	0
10	513	157	0	0	0	0
11	509	158	0	0	0	0
12	511	158	0	0	0	0
13	514	158	0	0	0	0
14	513	159	0	0	0	0
15	509	159	0	0	0	0
0	511	159	0	0	0	0
1	513	160	0	0	0	0
2	515	161	0	0	0	0
3	514	161	0	0	0	0
4	508	162	0	0	0	0
5	512	162	0	0	0	0
6	513	163	0	0	0	0
7	510	163	0	0	0	0
8	511	164	0	0	0	0
9	512	165	0	0	0	0
10	510	166	0	0	0	0
11	511	167	0	0	0	0
12	511	167	0	0	0	0
13	507	168	0	0	0	0
14	510	168	0	0	0	0
15	512	169	0	0	0	0
0	512	170	0	0	0	0
1	511	171	0	0	0	0
2	513	172	0	0	0	0
3	511	172	0	0	0	0
4	512	173	0	0	0	0
5	512	174	0	0	0	0
6	510	175	0	0	0	0
7	507	175	0	0	0	0
8	513	176	0	0	0	0
9	513	176	0	0	0	0
10	514	177	0	0	0	0
11	513	178	0	0	0	0
12	511	179	0	0	0	0
13	510	179	0	0	0	0
14	512	180	0	0	0	0
15	512	180	0	0	0	0
0	512	181	0	0	0	0
1	511	182	0	0	0	0
2	509	182	0	0	0	0
3	512	183	0	0	0	0
4	509	183	0	0	0	0
5	511	184	0	0	0	0
6	512	184	0	0	0	0
7	513	184	0	0	0	0
8	509	184	0	0	0	0
9	512	185	0	0	0	0
10	512	185	0	0	0	0
11	514	186	0	0	0	0
12	513	186	0	0	0	0
13	514	186	0	0	0	0
14	512	186	0	0	0	0
15	512	186	0	0	0	0
0	509	186	0	0	0	0
1	512	186	0	0	0	0
2	511	187	0	0	0	0
3	509	187	0	0	0	0
4	512	187	0	0	0	0
5	512	187	0	0	0	0
6	512	187	0	0	0	0
7	508	187	0	0	0	0
8	510	186	0	0	0	0
9	511	186	0	0	0	0
10	510	186	0	0	0	0
11	511	186	0	0	0	0
12	512	185	0	0	0	0
13	510	185	0	0	0	0
14	513	185	0	0	0	0
15	508	185	0	0	0	0
0	511	185	0	0	0	0
1	509	185	0	0	0	0
2	511	184	0	0	0	0
3	511	184	0	0	0	0
4	511	183	0	0	0	0
5	511	182	0	0	0	0
6	515	182	0	0	0	0
7	512	182	0	0	0	0
8	511	182	0	0	0	0
9	511	181	0	0	0	0
10	512	181	0	0	0	0
11	511	180	0	0	0	0
12	513	179	0	0	0	0
13	511	179	0	0	0	0
14	512	178	0	0	0	0
15	512	177	0	0	0	0
0	512	176	0	0	0	0
1	512	176	0	0	0	0
2	511	175	0	0	0	0
3	510	175	0	0	0	0
4	513	174	0	0	0	0
5	510	173	0	0	0	0
6	509	172	0	0	0	0
7	509	172	0	0	0	0
8	513	171	0	0	0	0
9	515	170	0	0	0	0
10	513	169	0	0	0	0
11	513	168	0	0	0	0
12	512	168	0	0	0	0
13	513	167	0	0	0	0
14	512	167	0	0	0	0
15	511	166	0	0	0	0
0	510	165	0	0	0	0
1	512	164	0	0	0	0
2	511	163	0	0	0	0
3	511	163	0	0	0	0
4	510	162	0	0	0	0
5	513	161	0	0	0	0
6	511	161	0	0	0	0
7	513	160	0	0	0	0
8	513	159	0	0	0	0
9	513	159	0	0	0	0
10	515	159	0	0	0	0
11	512	158	0	0	0	0
12	511	156	0	0	0	0
13	511	156	0	0	0	0
14	512	156	0	0	0	0
15	509	156	0	0	0	0
0	511	156	0	0	0	0
1	512	156	0	0	0	0
2	514	156	0	0	0	0
3	511	155	0	0	0	0
4	512	156	0	0	0	0
5	511	155	0	0	0	0
6	509	155	0	0	0	0
7	513	155	0	0	0	0
8	510	156	0	0	0	0
9	514	156	0	0	0	0
10	512	156	0	0	0	0
11	512	156	0	0	0	0
12	510	156	0	0	0	0
13	511	157	0	0	0	0
14	507	157	0	0	0	0
15	512	158	0	0	0	0
0	513	158	0	0	0	0
1	510	158	0	0	0	0
2	513	158	0	0	0	0
3	514	159	0	0	0	0
4	513	159	0	0	0	0
5	511	160	0	0	0	0
6	515	160	0	0	0	0
7	511	161	0	0	0	0
8	510	162	0	0	0	0
9	513	162	0	0	0	0
10	513	163	0	0	0	0
11	512	163	0	0	0	0
12	511	164	0	0	0	0
13	509	164	0	0	0	0
14	510	166	0	0	0	0
15	513	166	0	0	0	0
0	509	167	0	0	0	0
1	512	167	0	0	0	0
2	510	167	0	0	0	0
3	511	168	0	0	0	0
4	513	169	0	0	0	0
5	515	170	0	0	0	0
6	508	170	0	0	0	0
7	512	171	0	0	0	0
8	511	172	0	0	0	0
9	513	172	0	0	0	0
10	512	173	0	0	0	0
11	509	173	0	0	0	0
12	513	174	0	0	0	0
13	510	175	0	0	0	0
14	510	175	0	0	0	0
15	511	176	0	0	0	0
0	512	176	0	0	0	0
1	509	177	0	0	0	0
2	512	178	0	0	0	0
3	513	178	0	0	0	0
4	511	179	0	0	0	0
5	510	179	0	0	0	0
6	514	180	0	0	0	0
7	510	181	0	0	0	0
8	511	182	0	0	0	0
9	513	182	0	0	0	0
10	511	183	0	0	0	0
11	510	183	0	0	0	0
12	514	184	0	0	0	0
13	511	184	0	0	0	0
14	513	184	0	0	0	0
15	511	185	0	0	0	0
0	511	185	0	0	0	0
1	510	185	0	0	0	0
2	510	185	0	0	0	0
3	511	186	0	0	0	0
4	513	186	0	0	0	0
5	513	186	0	0	0	0
6	510	187	0	0	0	0
7	513	187	0	0	0	0
8	511	187	0	0	0	0
9	513	187	0	0	0	0
10	510	187	0	0	0	0
11	509	187	0	0	0	0
12	510	187	0	0	0	0
13	512	187	0	0	0	0
14	510	187	0	0	0	0
15	510	187	0	0	0	0
0	511	187	0	0	0	0
1	511	187	0	0	0	0
2	511	187	0	0	0	0
3	510	187	0	0	0	0
4	511	187	0	0	0	0
5	511	187	0	0	0	0
6	511	186	0	0	0	0
7	510	186	0	0	0	0
8	513	186	0	0	0	0
9	513	186	0	0	0	0
10	512	186	0	0	0	0
11	510	185	0	0	0	0
12	510	185	0	0	0	0
13	514	185	0	0	0	0
14	511	184	0	0	0	0
15	512	184	0	0	0	0
0	510	184	0	0	0	0
1	508	183	0	0	0	0
2	509	183	0	0	0	0
3	512	182	0	0	0	0
4	511	182	0	0	0	0
5	511	181	0	0	0	0
6	511	180	0	0	0	0
7	510	179	0	0	0	0
8	512	179	0	0	0	0
9	512	178	0	0	0	0
10	511	178	0	0	0	0
11	511	177	0	0	0	0
12	512	176	0	0	0	0
13	514	176	0	0	0	0
14	511	175	0	0	0	0
15	513	174	0	0	0	0
0	511	173	0	0	0	0
1	512	173	0	0	0	0
2	510	172	0	0	0	0
3	512	171	0	0	0	0
4	513	170	0	0	0	0
5	512	169	0	0	0	0
6	510	168	0	0	0	0
7	513	167	0	0	0	0
8	514	167	0	0	0	0
9	510	166	0	0	0	0
10	509	166	0	0	0	0
11	510	165	0	0	0	0
12	511	164	0	0	0	0
13	510	163	0	0	0	0
14	512	163	0	0	0	0
15	512	163	0	0	0	0
0	511	162	0	0	0	0
1	514	161	0	0	0	0
2	509	161	0	0	0	0
3	513	161	0	0	0	0
4	510	160	0	0	0	0
5	512	159	0	0	0	0
6	511	159	0	0	0	0
7	511	159	0	0	0	0
8	513	158	0	0	0	0
9	510	158	0	0	0	0
10	510	157	0	0	0	0
11	515	157	0	0	0	0
12	510	157	0	0	0	0
13	511	156	0	0	0	0
14	510	156	0	0	0	0
15	509	156	0	0	0	0
0	511	156	0	0	0	0
1	512	155	0	0	0	0
2	513	156	0	0	0	0
3	510	155	0	0	0	0
4	510	156	0	0	0	0
5	512	156	0	0	0	0
6	511	156	0	0	0	0
7	508	156	0	0	0	0
8	512	156	0	0	0	0
9	512	157	0	0	0	0
10	511	157	0	0	0	0
11	512	158	0	0	0	0
12	510	158	0	0	0	0
13	510	158	0	0	0	0
14	512	158	0	0	0	0
15	511	159	0	0	0	0
0	510	159	0	0	0	0
1	509	160	0	0	0	0
2	512	160	0	0	0	0
3	509	161	0	0	0	0
4	513	161	0	0	0	0
5	512	162	0	0	0	0
6	515	163	0	0	0	0
7	510	163	0	0	0	0
8	510	164	0	0	0	0
9	512	164	0	0	0	0
10	511	165	0	0	0	0
11	509	165	0	0	0	0
12	510	167	0	0	0	0
13	513	167	0	0	0	0
14	511	168	0	0	0	0
15	510	168	0	0	0	0
0	512	169	0	0	0	0
1	513	170	0	0	0	0
2	510	171	0	0	0	0
3	514	171	0	0	0	0
4	512	172	0	0	0	0
5	511	173	0	0	0	0
6	511	173	0	0	0	0
7	511	174	0	0	0	0
8	511	174	0	0	0	0
9	512	175	0	0	0	0
10	513	176	0	0	0	0
11	514	176	0	0	0	0
12	510	177	0	0	0	0
13	511	177	0	0	0	0
14	512	178	0	0	0	0
15	517	179	0	0	0	0
0	513	179	0	0	0	0
1	511	180	0	0	0	0
2	512	181	0	0	0	0
3	512	181	0	0	0	0
4	513	182	0	0	0	0
5	510	182	0	0	0	0
6	510	183	0	0	0	0
7	510	183	0	0	0	0
8	510	184	0	0	0	0
9	512	184	0	0	0	0
10	508	184	0	0	0	0
11	512	185	0	0	0	0
12	508	185	0	0	0	0
13	512	185	0	0	0	0
14	515	185	0	0	0	0
15	511	186	0	0	0	0
0	512	186	0	0	0	0
1	512	187	0	0	0	0
2	512	186	0	0	0	0
3	511	187	0	0	0	0
4	512	187	0	0	0	0
5	512	187	0	0	0	0
6	509	187	0	0	0	0
7	512	186	0	0	0	0
8	512	187	0	0	0	0
9	512	187	0	0	0	0
10	510	187	0	0	0	0
11	512	187	0	0	0	0
12	512	187	0	0	0	0
13	511	186	0	0	0	0
14	511	187	0	0	0	0
15	511	186	0	0	0	0
0	511	186	0	0	0	0
1	511	185	0	0	0	0
2	513	185	0	0	0	0
3	511	185	0	0	0	0
4	512	184	0	0	0	0
5	512	184	0	0	0	0
6	510	184	0	0	0	0
7	512	184	0	0	0	0
8	511	183	0	0	0	0
9	511	183	0	0	0	0
10	511	182	0	0	0	0
11	514	181	0	0	0	0
12	513	180	0	0	0	0
13	512	179	0	0	0	0
14	510	179	0	0	0	0
15	511	178	0	0	0	0
0	512	177	0	0	0	0
1	508	176	0	0	0	0
2	510	176	0	0	0	0
3	512	175	0	0	0	0
4	513	174	0	0	0	0
5	511	172	0	0	0	0
6	511	172	0	0	0	0
7	512	171	0	0	0	0
8	510	170	0	0	0	0
9	512	169	0	0	0	0
10	512	167	0	0	0	0
11	512	167	0	0	0	0
12	511	166	0	0	0	0
13	510	165	0	0	0	0
14	510	164	0	0	0	0
15	510	163	0	0	0	0
0	513	162	0	0	0	0
1	510	161	0	0	0	0
2	513	161	0	0	0	0
3	512	160	0	0	0	0
4	512	159	0	0	0	0
5	510	159	0	0	0	0
6	513	158	0	0	0	0
7	509	157	0	0	0	0
8	508	157	0	0	0	0
9	510	156	0	0	0	0
10	511	156	0	0	0	0
11	510	156	0	0	0	0
12	515	155	0	0	0	0
13	512	155	0	0	0	0
14	512	155	0	0	0	0
15	511	155	0	0	0	0
0	510	155	0	0	0	0
1	514	155	0	0	0	0
2	509	155	0	0	0	0
3	512	155	0	0	0	0
4	512	155	0	0	0	0
5	513	155	0	0	0	0
6	511	155	0	0	0	0
7	512	156	0	0	0	0
8	510	156	0	0	0	0
9	513	156	0	0	0	0
10	511	156	0	0	0	0
11	510	157	0	0	0	0
12	510	157	0	0	0	0
13	511	158	0	0	0	0
14	512	158	0	0	0	0
15	513	159	0	0	0	0
0	511	159	0	0	0	0
1	512	159	0	0	0	0
2	510	160	0	0	0	0
3	508	160	0	0	0	0
4	512	161	0	0	0	0
5	515	162	0	0	0	0
6	513	162	0	0	0	0
7	510	163	0	0	0	0
8	511	164	0	0	0	0
9	513	165	0	0	0	0
10	512	165	0	0	0	0
11	513	166	0	0	0	0
12	513	167	0	0	0	0
13	510	168	0	0	0	0
14	513	168	0	0	0	0
15	509	169	0	0	0	0
0	513	170	0	0	0	0
1	512	171	0	0	0	0
2	512	172	0	0	0	0
3	509	172	0	0	0	0
4	512	173	0	0	0	0
5	510	174	0	0	0	0
6	511	175	0	0	0	0
7	513	175	0	0	0	0
8	511	176	0	0	0	0
9	511	177	0	0	0	0
10	511	178	0	0	0	0
11	511	178	0	0	0	0
12	511	179	0	0	0	0
13	513	179	0	0	0	0
14	511	180	0	0	0	0
15	511	181	0	0	0	0
0	514	182	0	0	0	0
1	513	182	0	0	0	0
2	513	183	0	0	0	0
3	511	183	0	0	0	0
4	514	184	0	0	0	0
5	510	184	0	0	0	0
6	509	184	0	0	0	0
7	509	185	0	0	0	0
8	512	185	0	0	0	0
9	514	185	0	0	0	0
10	510	185	0	0	0	0
11	513	186	0	0	0	0
12	512	186	0	0	0	0
13	512	186	0	0	0	0
14	512	187	0	0	0	0
15	512	187	0	0	0	0
0	509	187	0	0	0	0
1	514	186	0	0	0	0
2	511	187	0	0	0	0
3	510	187	0	0	0	0
4	515	187	0	0	0	0
5	512	187	0	0	0	0
6	512	187	0	0	0	0
7	512	186	0	0	0	0
8	513	186	0	0	0	0
9	510	186	0	0	0	0
10	512	185	0	0	0	0
11	513	185	0	0	0	0
12	508	185	0	0	0	0
13	511	185	0	0	0	0
14	511	184	0	0	0	0
15	511	184	0	0	0	0
0	511	183	0	0	0	0
1	511	183	0	0	0	0
2	514	182	0	0	0	0
3	514	181	0	0	0	0
4	510	181	0	0	0	0
5	511	180	0	0	0	0
6	511	179	0	0	0	0
7	510	178	0	0	0	0
8	512	178	0	0	0	0
9	512	176	0	0	0	0
10	510	176	0	0	0	0
11	515	175	0	0	0	0
12	512	174	0	0	0	0
13	511	173	0	0	0	0
14	511	172	0	0	0	0
15	513	171	0	0	0	0
0	511	170	0	0	0	0
1	511	169	0	0	0	0
2	510	168	0	0	0	0
3	511	167	0	0	0	0
4	511	166	0	0	0	0
5	512	166	0	0	0	0
6	511	164	0	0	0	0
7	511	164	0	0	0	0
8	511	163	0	0	0	0
9	515	162	0	0	0	0
10	511	161	0	0	0	0
11	512	160	0	0	0	0
12	513	160	0	0	0	0
13	511	159	0	0	0	0
14	512	159	0	0	0	0
15	513	158	0	0	0	0
0	510	157	0	0	0	0
1	513	156	0	0	0	0
2	511	156	0	0	0	0
3	510	156	0	0	0	0
4	513	156	0	0	0	0
5	510	155	0	0	0	0
6	512	155	0	0	0	0
7	511	155	0	0	0	0
8	509	155	0	0	0	0
9	511	155	0	0	0	0
10	512	155	0	0	0	0
11	512	155	0	0	0	0
12	513	155	0	0	0	0
13	510	156	0	0	0	0
14	509	156	0	0	0	0
15	510	156	0	0	0	0
0	511	156	0	0	0	0
1	512	157	0	0	0	0
2	512	157	0	0	0	0
3	511	158	0	0	0	0
4	509	158	0	0	0	0
5	512	158	0	0	0	0
6	510	159	0	0	0	0
7	512	159	0	0	0	0
8	510	160	0	0	0	0
9	510	160	0	0	0	0
10	512	161	0	0	0	0
11	512	162	0	0	0	0
12	512	163	0	0	0	0
13	512	163	0	0	0	0
14	511	164	0	0	0	0
15	511	165	0	0	0	0
0	508	166	0	0	0	0
1	510	167	0	0	0	0
2	513	167	0	0	0	0
3	513	168	0	0	0	0
4	511	168	0	0	0	0
5	509	170	0	0	0	0
6	513	171	0	0	0	0
7	511	171	0	0	0	0
8	511	172	0	0	0	0
9	510	173	0	0	0	0
10	513	174	0	0	0	0
11	510	175	0	0	0	0
12	510	176	0	0	0	0
13	506	176	0	0	0	0
14	510	177	0	0	0	0
15	511	178	0	0	0	0
0	512	179	0	0	0	0
1	512	179	0	0	0	0
2	514	180	0	0	0	0
3	509	181	0	0	0	0
4	510	182	0	0	0	0
5	512	182	0	0	0	0
6	511	183	0	0	0	0
7	514	183	0	0	0	0
8	510	184	0	0	0	0
9	511	184	0	0	0	0
10	511	184	0	0	0	0
11	510	185	0	0	0	0
12	513	185	0	0	0	0
13	509	186	0	0	0	0
14	511	186	0	0	0	0
15	511	186	0	0	0	0
0	512	186	0	0	0	0
1	510	187	0	0	0	0
2	510	187	0	0	0	0
3	515	187	0	0	0	0
4	509	187	0	0	0	0
5	511	187	0	0	0	0
6	511	187	0	0	0	0
7	512	187	0	0	0	0
8	512	187	0	0	0	0
9	513	186	0	0	0	0
10	512	187	0	0	0	0
11	512	187	0	0	0	0
12	512	186	0	0	0	0
13	512	186	0	0	0	0
14	511	185	0	0	0	0
15	508	185	0	0	0	0
0	514	185	0	0	0	0
1	509	185	0	0	0	0
2	512	184	0	0	0	0
3	512	184	0	0	0	0
4	511	183	0	0	0	0
5	513	183	0	0	0	0
6	509	182	0	0	0	0
7	509	182	0	0	0	0
8	511	181	0	0	0	0
9	513	180	0	0	0	0
10	511	180	0	0	0	0
11	511	179	0	0	0	0
12	513	178	0	0	0	0
13	512	177	0	0	0	0
14	515	177	0	0	0	0
15	511	176	0	0	0	0
0	510	175	0	0	0	0
1	511	174	0	0	0	0
2	514	174	0	0	0	0
3	510	173	0	0	0	0
4	513	172	0	0	0	0
5	512	171	0	0	0	0
6	511	170	0	0	0	0
7	515	169	0	0	0	0
8	511	168	0	0	0	0
9	511	167	0	0	0	0
10	514	167	0	0	0	0
11	508	166	0	0	0	0
12	513	165	0	0	0	0
13	511	164	0	0	0	0
14	509	163	0	0	0	0
15	511	163	0	0	0	0
0	510	162	0	0	0	0
1	511	161	0	0	0	0
2	514	161	0	0	0	0
3	512	160	0	0	0	0
4	511	159	0	0	0	0
5	512	159	0	0	0	0
6	510	159	0	0	0	0
7	512	158	0	0	0	0
8	511	158	0	0	0	0
9	515	157	0	0	0	0
10	510	157	0	0	0	0
11	510	156	0	0	0	0
12	508	156	0	0	0	0
13	511	156	0	0	0	0
14	510	155	0	0	0	0
15	511	155	0	0	0	0
0	512	155	0	0	0	0
1	512	155	0	0	0	0
2	512	155	0	0	0	0
3	515	155	0	0	0	0
4	509	155	0	0	0	0
5	513	155	0	0	0	0
6	508	155	0	0	0	0
7	510	155	0	0	0	0
8	514	156	0	0	0	0
9	512	156	0	0	0	0
10	511	156	0	0	0	0
11	509	156	0	0	0	0
12	513	156	0	0	0	0
13	510	156	0	0	0	0
14	514	157	0	0	0	0
15	509	157	0	0	0	0
0	512	158	0	0	0	0
1	512	158	0	0	0	0
2	511	159	0	0	0	0
3	514	159	0	0	0	0
4	511	159	0	0	0	0
5	509	160	0	0	0	0
6	512	160	0	0	0	0
7	512	161	0	0	0	0
8	512	161	0	0	0	0
9	512	162	0	0	0	0
10	513	162	0	0	0	0
11	508	163	0	0	0	0
12	511	163	0	0	0	0
13	511	164	0	0	0	0
14	512	165	0	0	0	0
15	511	166	0	0	0	0
0	512	166	0	0	0	0
1	513	167	0	0	0	0
2	511	167	0	0	0	0
3	511	168	0	0	0	0
4	512	169	0	0	0	0
5	513	170	0	0	0	0
6	512	171	0	0	0	0
7	511	171	0	0	0	0
8	512	172	0	0	0	0
9	511	172	0	0	0	0
10	510	173	0	0	0	0
11	511	174	0	0	0	0
12	510	175	0	0	0	0
13	511	175	0	0	0	0
14	513	176	0	0	0	0
15	512	177	0	0	0	0
0	512	177	0	0	0	0
1	511	178	0	0	0	0
2	510	178	0	0	0	0
3	507	179	0	0	0	0
4	512	179	0	0	0	0
5	513	180	0	0	0	0
6	510	180	0	0	0	0
7	510	181	0	0	0	0
8	512	181	0	0	0	0
9	513	182	0	0	0	0
10	512	182	0	0	0	0
11	512	183	0	0	0	0
12	512	184	0	0	0	0
13	509	184	0	0	0	0
14	508	184	0	0	0	0
15	514	184	0	0	0	0
0	509	185	0	0	0	0
1	511	185	0	0	0	0
2	511	185	0	0	0	0
3	511	185	0	0	0	0
4	513	186	0	0	0	0
5	513	186	0	0	0	0
6	513	186	0	0	0	0
7	512	186	0	0	0	0
8	511	186	0	0	0	0
9	512	186	0	0	0	0
10	511	186	0	0	0	0
11	511	187	0	0	0	0
12	513	187	0	0	0	0
13	511	187	0	0	0	0
14	512	187	0	0	0	0
15	510	187	0	0	0	0
0	513	187	0	0	0	0
1	512	187	0	0	0	0
2	511	187	0	0	0	0
3	510	187	0	0	0	0
4	511	187	0	0	0	0
5	512	186	0	0	0	0
6	512	186	0	0	0	0
7	510	186	0	0	0	0
8	513	185	0	0	0	0
9	510	185	0	0	0	0
10	511	185	0	0	0	0
11	511	185	0	0	0	0
12	514	184	0	0	0	0
13	510	184	0	0	0	0
14	515	184	0	0	0	0
15	508	184	0	0	0	0
0	512	183	0	0	0	0
1	511	183	0	0	0	0
2	514	182	0	0	0	0
3	509	182	0	0	0	0
4	512	181	0	0	0	0
5	514	181	0	0	0	0
6	512	180	0	0	0	0
7	512	180	0	0	0	0
8	509	179	0	0	0	0
9	513	179	0	0	0	0
10	513	178	0	0	0	0
11	511	177	0	0	0	0
12	511	176	0	0	0	0
13	515	175	0	0	0	0
14	512	175	0	0	0	0
15	508	174	0	0	0	0
0	510	173	0	0	0	0
1	509	173	0	0	0	0
2	511	172	0	0	0	0
3	511	171	0	0	0	0
4	512	171	0	0	0	0
5	511	170	0	0	0	0
6	511	169	0	0	0	0
7	512	168	0	0	0	0
8	511	167	0	0	0	0
9	513	167	0	0	0	0
10	511	166	0	0	0	0
11	512	166	0	0	0	0
12	510	165	0	0	0	0
13	511	164	0	0	0	0
14	515	164	0	0	0	0
15	509	163	0	0	0	0
0	512	163	0	0	0	0
1	511	162	0	0	0	0
2	514	162	0	0	0	0
3	512	161	0	0	0	0
4	512	161	0	0	0	0
5	510	160	0	0	0	0
6	511	159	0	0	0	0
7	509	159	0	0	0	0
8	512	159	0	0	0	0
9	510	158	0	0	0	0
10	510	158	0	0	0	0
11	510	157	0	0	0	0
12	511	157	0	0	0	0
13	512	156	0	0	0	0
14	512	156	0	0	0	0
15	514	156	0	0	0	0
0	512	155	0	0	0	0
1	512	155	0	0	0	0
2	511	155	0	0	0	0
3	512	155	0	0	0	0
4	510	155	0	0	0	0
5	511	155	0	0	0	0
6	513	155	0	0	0	0
7	513	155	0	0	0	0
8	509	155	0	0	0	0
9	512	155	0	0	0	0
10	509	156	0	0	0	0
11	511	156	0	0	0	0
12	512	156	0	0	0	0
13	511	156	0	0	0	0
14	511	156	0	0	0	0
15	509	157	0	0	0	0
0	512	157	0	0	0	0
1	511	158	0	0	0	0
2	512	158	0	0	0	0
3	509	158	0	0	0	0
4	513	159	0	0	0	0
5	512	159	0	0	0	0
6	513	159	0	0	0	0
7	514	160	0	0	0	0
8	512	160	0	0	0	0
9	511	161	0	0	0	0
10	512	161	0	0	0	0
11	510	162	0	0	0	0
12	511	162	0	0	0	0
13	515	163	0	0	0	0
14	512	164	0	0	0	0
15	511	164	0	0	0	0
0	511	166	0	0	0	0
1	514	166	0	0	0	0
2	514	167	0	0	0	0
3	513	167	0	0	0	0
4	512	168	0	0	0	0
5	512	169	0	0	0	0
6	513	169	0	0	0	0
7	511	170	0	0	0	0
8	510	171	0	0	0	0
9	512	171	0	0	0	0
10	511	172	0	0	0	0
11	507	173	0	0	0	0
12	510	174	0	0	0	0
13	510	175	0	0	0	0
14	513	175	0	0	0	0
15	511	176	0	0	0	0
0	511	177	0	0	0	0
1	513	178	0	0	0	0
2	511	179	0	0	0	0
3	514	179	0	0	0	0
4	512	180	0	0	0	0
5	510	181	0	0	0	0
6	512	182	0	0	0	0
7	512	182	0	0	0	0
8	511	183	0	0	0	0
9	510	183	0	0	0	0
10	516	184	0	0	0	0
11	511	184	0	0	0	0
12	512	185	0	0	0	0
13	510	184	0	0	0	0
14	510	185	0	0	0	0
15	511	185	0	0	0	0
0	510	186	0	0	0	0
1	514	186	0	0	0	0
2	510	187	0	0	0	0
3	510	187	0	0	0	0
4	512	187	0	0	0	0
5	512	187	0	0	0	0
6	512	187	0	0	0	0
7	513	186	0	0	0	0
8	512	186	0	0	0	0
9	513	186	0	0	0	0
10	513	186	0	0	0	0
11	514	186	0	0	0	0
12	511	186	0	0	0	0
13	513	186	0	0	0	0
14	510	187	0	0	0	0
15	510	187	0	0	0	0
0	511	187	0	0	0	0
1	514	186	0	0	0	0
2	511	186	0	0	0	0
3	511	185	0	0	0	0
4	508	185	0	0	0	0
5	513	184	0	0	0	0
6	512	184	0	0	0	0
7	512	183	0	0	0	0
8	512	183	0	0	0	0
9	514	182	0	0	0	0
10	512	181	0	0	0	0
11	508	180	0	0	0	0
12	512	179	0	0	0	0
13	509	179	0	0	0	0
14	513	178	0	0	0	0
15	513	177	0	0	0	0
0	512	176	0	0	0	0
1	512	175	0	0	0	0
2	511	174	0	0	0	0
3	512	173	0	0	0	0
4	509	172	0	0	0	0
5	513	171	0	0	0	0
6	511	170	0	0	0	0
7	511	169	0	0	0	0
8	511	168	0	0	0	0
9	511	167	0	0	0	0
10	507	167	0	0	0	0
11	510	165	0	0	0	0
12	511	164	0	0	0	0
13	511	163	0	0	0	0
14	511	163	0	0	0	0
15	513	161	0	0	0	0
0	512	161	0	0	0	0
1	513	160	0	0	0	0
2	511	159	0	0	0	0
3	512	159	0	0	0	0
4	511	158	0	0	0	0
5	512	157	0	0	0	0
6	510	156	0	0	0	0
7	513	156	0	0	0	0
8	510	156	0	0	0	0
9	511	156	0	0	0	0
10	512	155	0	0	0	0
11	512	155	0	0	0	0
12	514	154	0	0	0	0
13	510	155	0	0	0	0
14	509	155	0	0	0	0
15	513	155	0	0	0	0
0	511	155	0	0	0	0
1	510	155	0	0	0	0
2	509	156	0	0	0	0
3	511	155	0	0	0	0
4	513	156	0	0	0	0
5	510	156	0	0	0	0
6	512	156	0	0	0	0
7	512	157	0	0	0	0
8	512	157	0	0	0	0
9	513	158	0	0	0	0
10	510	158	0	0	0	0
11	508	159	0	0	0	0
12	511	159	0	0	0	0
13	509	159	0	0	0	0
14	511	160	0	0	0	0
15	516	161	0	0	0	0
0	509	161	0	0	0	0
1	512	162	0	0	0	0
2	511	162	0	0	0	0
3	511	163	0	0	0	0
4	511	163	0	0	0	0
5	512	164	0	0	0	0
6	511	165	0	0	0	0
7	511	166	0	0	0	0
8	513	166	0	0	0	0
9	510	167	0	0	0	0
10	512	167	0	0	0	0
11	511	168	0	0	0	0
12	514	169	0	0	0	0
13	510	169	0	0	0	0
14	513	170	0	0	0	0
15	510	171	0	0	0	0
0	508	171	0	0	0	0
1	512	172	0	0	0	0
2	513	173	0	0	0	0
3	512	173	0	0	0	0
4	511	174	0	0	0	0
5	511	175	0	0	0	0
6	512	175	0	0	0	0
7	512	176	0	0	0	0
8	510	177	0	0	0	0
9	511	178	0	0	0	0
10	511	179	0	0	0	0
11	508	179	0	0	0	0
12	515	180	0	0	0	0
13	511	180	0	0	0	0
14	509	182	0	0	0	0
15	511	182	0	0	0	0
0	512	182	0	0	0	0
1	510	183	0	0	0	0
2	513	183	0	0	0	0
3	511	183	0	0	0	0
4	511	184	0	0	0	0
5	511	184	0	0	0	0
6	511	184	0	0	0	0
7	510	184	0	0	0	0
8	514	185	0	0	0	0
9	508	185	0	0	0	0
10	512	186	0	0	0	0
11	508	186	0	0	0	0
12	510	186	0	0	0	0
13	512	187	0	0	0	0
14	514	187	0	0	0	0
15	510	187	0	0	0	0
0	514	187	0	0	0	0
1	512	187	0	0	0	0
2	512	186	0	0	0	0
3	509	186	0	0	0	0
4	513	186	0	0	0	0
5	512	185	0	0	0	0
6	511	186	0	0	0	0
7	511	185	0	0	0	0
8	509	185	0	0	0	0
9	512	185	0	0	0	0
10	513	186	0	0	0	0
11	510	185	0	0	0	0
12	510	185	0	0	0	0
13	509	185	0	0	0	0
14	513	184	0	0	0	0
15	512	184	0	0	0	0
0	513	184	0	0	0	0
1	510	183	0	0	0	0
2	511	183	0	0	0	0
3	512	183	0	0	0	0
4	510	182	0	0	0	0
5	513	182	0	0	0	0
6	513	181	0	0	0	0
7	510	180	0	0	0	0
8	509	179	0	0	0	0
9	512	179	0	0	0	0
10	511	178	0	0	0	0
11	511	178	0	0	0	0
12	511	178	0	0	0	0
13	513	177	0	0	0	0
14	513	176	0	0	0	0
15	510	175	0	0	0	0
0	512	175	0	0	0	0
1	513	174	0	0	0	0
2	511	173	0	0	0	0
3	513	173	0	0	0	0
4	512	173	0	0	0	0
5	513	172	0	0	0	0
6	509	172	0	0	0	0
7	513	171	0	0	0	0
8	512	171	0	0	0	0
9	510	169	0	0	0	0
10	513	169	0	0	0	0
11	511	168	0	0	0	0
12	513	167	0	0	0	0
13	511	167	0	0	0	0
14	511	165	0	0	0	0
15	514	165	0	0	0	0
0	512	164	0	0	0	0
1	513	163	0	0	0	0
2	514	163	0	0	0	0
3	511	163	0	0	0	0
4	512	163	0	0	0	0
5	511	163	0	0	0	0
6	508	163	0	0	0	0
7	509	162	0	0	0	0
8	511	162	0	0	0	0
9	512	161	0	0	0	0
10	513	161	0	0	0	0
11	513	161	0	0	0	0
12	508	161	0	0	0	0
13	513	160	0	0	0	0
14	509	160	0	0	0	0
15	511	160	0	0	0	0
0	513	159	0	0	0	0
1	510	159	0	0	0	0
2	510	158	0	0	0	0
3	510	158	0	0	0	0
4	513	156	0	0	0	0
5	511	157	0	0	0	0
6	510	156	0	0	0	0
7	511	157	0	0	0	0
8	511	156	0	0	0	0
9	512	156	0	0	0	0
10	512	156	0	0	0	0
11	516	156	0	0	0	0
12	510	155	0	0	0	0
13	510	155	0	0	0	0
14	509	155	0	0	0	0
15	508	155	0	0	0	0
0	512	155	0	0	0	0
1	514	155	0	0	0	0
2	511	155	0	0	0	0
3	511	155	0	0	0	0
4	512	155	0	0	0	0
5	511	155	0	0	0	0
6	513	155	0	0	0	0
7	510	156	0	0	0	0
8	510	156	0	0	0	0
9	514	156	0	0	0	0
10	513	156	0	0	0	0
11	513	156	0	0	0	0
12	512	157	0	0	0	0
13	513	157	0	0	0	0
14	514	157	0	0	0	0
15	511	158	0	0	0	0
0	511	158	0	0	0	0
1	510	159	0	0	0	0
2	510	159	0	0	0	0
3	512	159	0	0	0	0
4	515	159	0	0	0	0
5	508	159	0	0	0	0
6	512	160	0	0	0	0
7	509	160	0	0	0	0
8	508	161	0	0	0	0
9	512	161	0	0	0	0
10	508	162	0	0	0	0
11	512	163	0	0	0	0
12	511	163	0	0	0	0
13	511	164	0	0	0	0
14	508	164	0	0	0	0
15	512	165	0	0	0	0
0	511	166	0	0	0	0
1	511	166	0	0	0	0
2	512	167	0	0	0	0
3	509	167	0	0	0	0
4	510	167	0	0	0	0
5	511	168	0	0	0	0
6	509	169	0	0	0	0
7	513	169	0	0	0	0
8	509	170	0	0	0	0
9	513	171	0	0	0	0
10	509	171	0	0	0	0
11	514	172	0	0	0	0
12	510	173	0	0	0	0
13	513	173	0	0	0	0
14	514	174	0	0	0	0
15	512	175	0	0	0	0
0	512	176	0	0	0	0
1	512	176	0	0	0	0
2	511	177	0	0	0	0
3	512	177	0	0	0	0
4	511	178	0	0	0	0
5	511	179	0	0	0	0
6	511	179	0	0	0	0
7	510	180	0	0	0	0
8	511	180	0	0	0	0
9	511	182	0	0	0	0
10	510	182	0	0	0	0
11	510	183	0	0	0	0
12	511	183	0	0	0	0
13	511	184	0	0	0	0
14	510	184	0	0	0	0
15	509	185	0	0	0	0
0	510	185	0	0	0	0
1	511	186	0	0	0	0
2	512	187	0	0	0	0
3	510	187	0	0	0	0
4	513	187	0	0	0	0
5	511	187	0	0	0	0
6	511	188	0	0	0	0
7	511	188	0	0	0	0
8	512	188	0	0	0	0
9	512	188	0	0	0	0
10	509	188	0	0	0	0
11	510	188	0	0	0	0
12	510	188	0	0	0	0
13	510	188	0	0	0	0
14	510	189	0	0	0	0
15	509	189	0	0	0	0
0	512	189	0	0	0	0
1	511	189	0	0	0	0
2	512	188	0	0	0	0
3	509	188	0	0	0	0
4	511	188	0	0	0	0
5	512	188	0	0	0	0
6	511	188	0	0	0	0
7	513	188	0	0	0	0
8	510	188	0	0	0	0
9	512	187	0	0	0	0
10	512	187	0	0	0	0
11	508	187	0	0	0	0
12	512	187	0	0	0	0
13	511	186	0	0	0	0
14	510	186	0	0	0	0
15	508	185	0	0	0	0
0	512	185	0	0	0	0
1	508	184	0	0	0	0
2	513	184	0	0	0	0
3	507	183	0	0	0	0
4	512	183	0	0	0	0
5	510	182	0	0	0	0
6	510	181	0	0	0	0
7	509	180	0	0	0	0
8	512	179	0	0	0	0
9	511	179	0	0	0	0
10	510	178	0	0	0	0
11	510	177	0	0	0	0
12	511	176	0	0	0	0
13	511	175	0	0	0	0
14	511	175	0	0	0	0
15	508	174	0	0	0	0
0	513	173	0	0	0	0
1	507	172	0	0	0	0
2	511	171	0	0	0	0
3	513	169	0	0	0	0
4	513	169	0	0	0	0
5	513	168	0	0	0	0
6	509	167	0	0	0	0
7	509	166	0	0	0	0
8	511	166	0	0	0	0
9	510	164	0	0	0	0
10	512	163	0	0	0	0
11	508	162	0	0	0	0
12	510	161	0	0	0	0
13	511	161	0	0	0	0
14	511	160	0	0	0	0
15	510	159	0	0	0	0
0	509	159	0	0	0	0
1	511	159	0	0	0	0
2	512	158	0	0	0	0
3	513	158	0	0	0	0
4	511	157	0	0	0	0
5	510	157	0	0	0	0
6	510	156	0	0	0	0
7	513	156	0	0	0	0
8	511	156	0	0	0	0
9	509	156	0	0	0	0
10	514	156	0	0	0	0
11	509	156	0	0	0	0
12	510	156	0	0	0	0
13	510	156	0	0	0	0
14	512	156	0	0	0	0
15	509	156	0	0	0	0
0	510	157	0	0	0	0
1	512	157	0	0	0	0
2	513	157	0	0	0	0
3	513	157	0	0	0	0
4	513	157	0	0	0	0
5	511	158	0	0	0	0
6	510	158	0	0	0	0
7	511	158	0	0	0	0
8	510	159	0	0	0	0
9	512	159	0	0	0	0
10	510	159	0	0	0	0
11	511	160	0	0	0	0
12	512	160	0	0	0	0
13	513	161	0	0	0	0
14	512	161	0	0	0	0
15	510	162	0	0	0	0
0	511	163	0	0	0	0
1	514	163	0	0	0	0
2	511	164	0	0	0	0
3	516	165	0	0	0	0
4	511	166	0	0	0	0
5	510	166	0	0	0	0
6	510	167	0	0	0	0
7	511	167	0	0	0	0
8	511	167	0	0	0	0
9	508	168	0	0	0	0
10	512	169	0	0	0	0
11	512	170	0	0	0	0
12	509	171	0	0	0	0
13	514	171	0	0	0	0
14	513	172	0	0	0	0
15	510	173	0	0	0	0
0	512	174	0	0	0	0
1	512	175	0	0	0	0
2	516	174	0	0	0	0
3	510	175	0	0	0	0
4	508	176	0	0	0	0
5	509	176	0	0	0	0
6	513	177	0	0	0	0
7	514	178	0	0	0	0
8	514	178	0	0	0	0
9	512	179	0	0	0	0
10	510	179	0	0	0	0
11	515	180	0	0	0	0
12	509	181	0	0	0	0
13	509	181	0	0	0	0
14	512	182	0	0	0	0
15	509	182	0	0	0	0
0	511	183	0	0	0	0
1	510	183	0	0	0	0
2	513	184	0	0	0	0
3	507	184	0	0	0	0
4	511	184	0	0	0	0
5	512	185	0	0	0	0
6	510	185	0	0	0	0
7	511	185	0	0	0	0
8	513	185	0	0	0	0
9	510	187	0	0	0	0
10	511	186	0	0	0	0
11	511	187	0	0	0	0
12	515	187	0	0	0	0
13	512	187	0	0	0	0
14	510	187	0	0	0	0
15	513	187	0	0	0	0
0	514	188	0	0	0	0
1	510	188	0	0	0	0
2	514	188	0	0	0	0
3	510	188	0	0	0	0
4	512	188	0	0	0	0
5	512	188	0	0	0	0
6	511	188	0	0	0	0
7	511	188	0	0	0	0
8	513	188	0	0	0	0
9	512	189	0	0	0	0
10	512	189	0	0	0	0
11	510	189	0	0	0	0
12	509	189	0	0	0	0
13	511	189	0	0	0	0
14	511	189	0	0	0	0
15	510	189	0	0	0	0
0	510	189	0	0	0	0
1	510	189	0	0	0	0
2	512	189	0	0	0	0
3	513	189	0	0	0	0
4	510	189	0	0	0	0
5	513	189	0	0	0	0
6	514	188	0	0	0	0
7	509	188	0	0	0	0
8	511	188	0	0	0	0
9	510	188	0	0	0	0
10	510	187	0	0	0	0
11	510	187	0	0	0	0
12	513	187	0	0	0	0
13	513	186	0	0	0	0
14	512	186	0	0	0	0
15	512	185	0	0	0	0
0	510	185	0	0	0	0
1	512	185	0	0	0	0
2	510	185	0	0	0	0
3	511	185	0	0	0	0
4	511	185	0	0	0	0
5	512	184	0	0	0	0
6	512	184	0	0	0	0
7	510	184	0	0	0	0
8	512	184	0	0	0	0
9	513	184	0	0	0	0
10	511	183	0	0	0	0
11	512	183	0	0	0	0
12	512	182	0	0	0	0
13	511	182	0	0	0	0
14	512	182	0	0	0	0
15	512	182	0	0	0	0
0	510	181	0	0	0	0
1	512	181	0	0	0	0
2	512	180	0	0	0	0
3	512	180	0	0	0	0
4	512	179	0	0	0	0
5	512	179	0	0	0	0
6	511	179	0	0	0	0
7	511	178	0	0	0	0
8	510	178	0	0	0	0
9	512	177	0	0	0	0
10	510	177	0	0	0	0
11	512	176	0	0	0	0
12	511	175	0	0	0	0
13	514	175	0	0	0	0
14	513	174	0	0	0	0
15	508	174	0	0	0	0
0	514	173	0	0	0	0
1	512	173	0	0	0	0
2	512	172	0	0	0	0
3	511	172	0	0	0	0
4	510	171	0	0	0	0
5	512	171	0	0	0	0
6	512	170	0	0	0	0
7	515	169	0	0	0	0
8	509	169	0	0	0	0
9	513	168	0	0	0	0
10	513	167	0	0	0	0
11	509	167	0	0	0	0
12	510	167	0	0	0	0
13	510	166	0	0	0	0
14	510	166	0	0	0	0
15	511	165	0	0	0	0
0	512	164	0	0	0	0
1	511	163	0	0	0	0
2	512	163	0	0	0	0
3	508	163	0	0	0	0
4	508	163	0	0	0	0
5	515	162	0	0	0	0
6	509	162	0	0	0	0
7	512	162	0	0	0	0
8	508	161	0	0	0	0
9	510	161	0	0	0	0
10	508	160	0	0	0	0
11	510	160	0	0	0	0
12	511	160	0	0	0	0
13	510	159	0	0	0	0
14	513	159	0	0	0	0
15	513	159	0	0	0	0
0	510	159	0	0	0	0
1	510	159	0	0	0	0
2	513	159	0	0	0	0
3	510	159	0	0	0	0
4	514	159	0	0	0	0
5	513	158	0	0	0	0
6	511	158	0	0	0	0
7	509	158	0	0	0	0
8	512	158	0	0	0	0
9	510	158	0	0	0	0
10	511	158	0	0	0	0
11	511	158	0	0	0	0
12	512	158	0	0	0	0
13	512	158	0	0	0	0
14	512	157	0	0	0	0
15	513	158	0	0	0	0
0	515	157	0	0	0	0
1	507	158	0	0	0	0
2	512	158	0	0	0	0
3	511	158	0	0	0	0
4	515	158	0	0	0	0
5	512	158	0	0	0	0
6	508	159	0	0	0	0
7	512	159	0	0	0	0
8	513	159	0	0	0	0
9	515	159	0	0	0	0
10	513	159	0	0	0	0
11	513	159	0	0	0	0
12	513	159	0	0	0	0
13	511	159	0	0	0	0
14	511	160	0	0	0	0
15	509	160	0	0	0	0
0	515	161	0	0	0	0
1	508	161	0	0	0	0
2	512	161	0	0	0	0
3	512	161	0	0	0	0
4	511	162	0	0	0	0
5	512	162	0	0	0	0
6	512	162	0	0	0	0
7	512	163	0	0	0	0
8	513	163	0	0	0	0
9	509	163	0	0	0	0
10	510	163	0	0	0	0
11	512	164	0	0	0	0
12	511	163	0	0	0	0
13	509	163	0	0	0	0
14	513	163	0	0	0	0
15	509	164	0	0	0	0
0	513	165	0	0	0	0
1	511	165	0	0	0	0
2	514	166	0	0	0	0
3	510	166	0	0	0	0
4	511	167	0	0	0	0
5	512	167	0	0	0	0
6	508	167	0	0	0	0
7	510	167	0	0	0	0
8	511	168	0	0	0	0
9	512	168	0	0	0	0
10	511	169	0	0	0	0
11	515	169	0	0	0	0
12	509	169	0	0	0	0
13	510	170	0	0	0	0
14	511	170	0	0	0	0
15	513	171	0	0	0	0
0	514	171	0	0	0	0
1	510	172	0	0	0	0
2	510	172	0	0	0	0
3	511	173	0	0	0	0
4	510	173	0	0	0	0
5	510	174	0	0	0	0
6	512	174	0	0	0	0
7	508	174	0	0	0	0
8	511	175	0	0	0	0
9	513	175	0	0	0	0
10	513	176	0	0	0	0
11	509	176	0	0	0	0
12	513	177	0	0	0	0
13	508	177	0	0	0	0
14	512	177	0	0	0	0
15	511	177	0	0	0	0
0	511	178	0	0	0	0
1	512	178	0	0	0	0
2	511	179	0	0	0	0
3	511	179	0	0	0	0
4	508	179	0	0	0	0
5	514	180	0	0	0	0
6	510	180	0	0	0	0
7	511	181	0	0	0	0
8	514	181	0	0	0	0
9	514	181	0	0	0	0
10	508	181	0	0	0	0
11	513	181	0	0	0	0
12	512	182	0	0	0	0
13	506	183	0	0	0	0
14	513	184	0	0	0	0
15	511	184	0	0	0	0
0	512	184	0	0	0	0
1	512	184	0	0	0	0
2	512	185	0	0	0	0
3	510	184	0	0	0	0
4	513	185	0	0	0	0
5	513	185	0	0	0	0
6	512	185	0	0	0	0
7	512	185	0	0	0	0
8	511	186	0	0	0	0
9	513	186	0	0	0	0
10	511	186	0	0	0	0
11	512	186	0	0	0	0
12	511	186	0	0	0	0
13	510	187	0	0	0	0
14	508	187	0	0	0	0
15	511	187	0	0	0	0
0	512	187	0	0	0	0
1	510	187	0	0	0	0
2	512	187	0	0	0	0
3	508	188	0	0	0	0
4	512	188	0	0	0	0
5	513	188	0	0	0	0
6	511	188	0	0	0	0
7	512	188	0	0	0	0
8	511	188	0	0	0	0
9	512	188	0	0	0	0
10	511	188	0	0	0	0
11	508	188	0	0	0	0
12	514	188	0	0	0	0
13	512	188	0	0	0	0
14	513	188	0	0	0	0
15	509	188	0	0	0	0
0	510	188	0	0	0	0
1	511	188	0	0	0	0
2	511	188	0	0	0	0
3	512	188	0	0	0	0
4	514	188	0	0	0	0
5	513	188	0	0	0	0
6	509	188	0	0	0	0
7	511	188	0	0	0	0
8	511	188	0	0	0	0
9	511	188	0	0	0	0
10	511	188	0	0	0	0
11	510	188	0	0	0	0
12	510	188	0	0	0	0
13	512	188	0	0	0	0
14	511	188	0	0	0	0
15	511	187	0	0	0	0
0	511	188	0	0	0	0
1	512	187	0	0	0	0
2	511	187	0	0	0	0
3	512	187	0	0	0	0
4	510	187	0	0	0	0
5	514	186	0	0	0	0
6	510	187	0	0	0	0
7	510	186	0	0	0	0
8	510	186	0	0	0	0
9	513	185	0	0	0	0
10	511	185	0	0	0	0
11	511	185	0	0	0	0
12	513	184	0	0	0	0
13	510	184	0	0	0	0
14	512	184	0	0	0	0
15	512	184	0	0	0	0
0	509	183	0	0	0	0
1	509	183	0	0	0	0
2	512	182	0	0	0	0
3	513	182	0	0	0	0
4	512	182	0	0	0	0
5	509	181	0	0	0	0
6	511	181	0	0	0	0
7	512	180	0	0	0	0
8	511	180	0	0	0	0
9	516	179	0	0	0	0
10	512	179	0	0	0	0
11	513	178	0	0	0	0
12	508	178	0	0	0	0
13	510	177	0	0	0	0
14	510	176	0	0	0	0
15	510	176	0	0	0	0
0	513	175	0	0	0	0
1	512	175	0	0	0	0
2	512	174	0	0	0	0
3	513	174	0	0	0	0
4	509	173	0	0	0	0
5	508	172	0	0	0	0
6	507	172	0	0	0	0
7	511	172	0	0	0	0
8	511	171	0	0	0	0
9	511	170	0	0	0	0
10	509	169	0	0	0	0
11	512	169	0	0	0	0
12	511	168	0	0	0	0
13	512	168	0	0	0	0
14	513	167	0	0	0	0
15	510	166	0	0	0	0
0	512	166	0	0	0	0
1	508	165	0	0	0	0
2	510	165	0	0	0	0
3	511	164	0	0	0	0
4	512	164	0	0	0	0
5	512	163	0	0	0	0
6	510	163	0	0	0	0
7	512	163	0	0	0	0
8	513	162	0	0	0	0
9	512	162	0	0	0	0
10	509	161	0	0	0	0
11	512	160	0	0	0	0
12	513	159	0	0	0	0
13	512	159	0	0	0	0
14	511	159	0	0	0	0
15	510	159	0	0	0	0
0	512	159	0	0	0	0
1	511	159	0	0	0	0
2	511	159	0	0	0	0
3	511	159	0	0	0	0
4	511	158	0	0	0	0
5	512	158	0	0	0	0
6	513	158	0	0	0	0
7	512	158	0	0	0	0
8	514	158	0	0	0	0
9	509	157	0	0	0	0
10	512	158	0	0	0	0
11	512	157	0	0	0	0
12	512	158	0	0	0	0
13	510	158	0	0	0	0
14	512	158	0	0	0	0
15	510	158	0	0	0	0
0	509	158	0	0	0	0
1	513	158	0	0	0	0
2	511	158	0	0	0	0
3	512	158	0	0	0	0
4	512	158	0	0	0	0
5	508	159	0	0	0	0
6	512	159	0	0	0	0
7	511	159	0	0	0	0
8	512	159	0	0	0	0
9	511	159	0	0	0	0
10	510	159	0	0	0	0
11	511	159	0	0	0	0
12	513	159	0	0	0	0
13	514	159	0	0	0	0
14	512	160	0	0	0	0
15	510	160	0	0	0	0
0	511	160	0	0	0	0
1	514	160	0	0	0	0
2	514	161	0	0	0	0
3	512	161	0	0	0	0
4	512	161	0	0	0	0
5	511	161	0	0	0	0
6	511	162	0	0	0	0
7	514	162	0	0	0	0
8	512	163	0	0	0	0
9	512	163	0	0	0	0
10	510	163	0	0	0	0
11	514	164	0	0	0	0
12	512	165	0	0	0	0
13	508	166	0	0	0	0
14	513	166	0	0	0	0
15	510	167	0	0	0	0
0	511	167	0	0	0	0
1	511	168	0	0	0	0
2	508	169	0	0	0	0
3	511	169	0	0	0	0
4	515	171	0	0	0	0
5	510	171	0	0	0	0
6	511	172	0	0	0	0
7	512	172	0	0	0	0
8	509	173	0	0	0	0
9	512	174	0	0	0	0
10	511	174	0	0	0	0
11	512	174	0	0	0	0
12	509	175	0	0	0	0
13	512	176	0	0	0	0
14	511	176	0	0	0	0
15	511	177	0	0	0	0
0	510	178	0	0	0	0
1	511	178	0	0	0	0
2	512	178	0	0	0	0
3	512	179	0	0	0	0
4	512	180	0	0	0	0
5	512	181	0	0	0	0
6	511	181	0	0	0	0
7	512	182	0	0	0	0
8	510	182	0	0	0	0
9	515	183	0	0	0	0
10	511	183	0	0	0	0
11	515	184	0	0	0	0
12	511	184	0	0	0	0
13	511	185	0	0	0	0
14	512	185	0	0	0	0
15	510	185	0	0	0	0
0	513	186	0	0	0	0
1	513	186	0	0	0	0
2	512	187	0	0	0	0
3	513	187	0	0	0	0
4	513	187	0	0	0	0
5	509	187	0	0	0	0
6	512	187	0	0	0	0
7	510	188	0	0	0	0
8	512	187	0	0	0	0
9	512	188	0	0	0	0
10	513	188	0	0	0	0
11	513	188	0	0	0	0
12	513	188	0	0	0	0
13	509	188	0	0	0	0
14	514	188	0	0	0	0
15	511	189	0	0	0	0
0	512	188	0	0	0	0
1	511	189	0	0	0	0
2	512	189	0	0	0	0
3	509	189	0	0	0	0
4	511	189	0	0	0	0
5	512	189	0	0	0	0
6	512	189	0	0	0	0
7	511	189	0	0	0	0
8	510	189	0	0	0	0
9	511	189	0	0	0	0
10	510	189	0	0	0	0
11	511	189	0	0	0	0
12	513	189	0	0	0	0
13	515	189	0	0	0	0
14	512	189	0	0	0	0
15	511	188	0	0	0	0
0	513	188	0	0	0	0
1	512	188	0	0	0	0
2	512	188	0	0	0	0
3	510	188	0	0	0	0
4	513	188	0	0	0	0
5	511	188	0	0	0	0
6	511	188	0	0	0	0
7	512	188	0	0	0	0
8	511	187	0	0	0	0
9	510	187	0	0	0	0
10	512	187	0	0	0	0
11	513	186	0	0	0	0
12	511	186	0	0	0	0
13	515	185	0	0	0	0
14	510	185	0	0	0	0
15	511	185	0	0	0	0
0	511	185	0	0	0	0
1	512	184	0	0	0	0
2	514	184	0	0	0	0
3	514	183	0	0	0	0
4	512	183	0	0	0	0
5	510	182	0	0	0	0
6	511	181	0	0	0	0
7	514	181	0	0	0	0
8	516	180	0	0	0	0
9	512	179	0	0	0	0
10	512	179	0	0	0	0
11	510	178	0	0	0	0
12	507	178	0	0	0	0
13	510	177	0	0	0	0
14	511	176	0	0	0	0
15	510	176	0	0	0	0
0	510	175	0	0	0	0
1	512	175	0	0	0	0
2	511	174	0	0	0	0
3	512	174	0	0	0	0
4	510	173	0	0	0	0
5	513	172	0	0	0	0
6	510	172	0	0	0	0
7	512	171	0	0	0	0
8	511	171	0	0	0	0
9	512	169	0	0	0	0
10	514	169	0	0	0	0
11	514	169	0	0	0	0
12	512	168	0	0	0	0
13	511	167	0	0	0	0
14	510	167	0	0	0	0
15	510	167	0	0	0	0
0	512	166	0	0	0	0
1	513	166	0	0	0	0
2	513	165	0	0	0	0
3	510	165	0	0	0	0
4	510	163	0	0	0	0
5	509	163	0	0	0	0
6	512	163	0	0	0	0
7	513	162	0	0	0	0
8	509	161	0	0	0	0
9	513	161	0	0	0	0
10	510	161	0	0	0	0
11	511	160	0	0	0	0
12	510	160	0	0	0	0
13	512	160	0	0	0	0
14	509	159	0	0	0	0
15	513	159	0	0	0	0
0	511	159	0	0	0	0
1	514	158	0	0	0	0
2	510	159	0	0	0	0
3	512	158	0	0	0	0
4	512	158	0	0	0	0
5	508	158	0	0	0	0
6	512	157	0	0	0	0
7	511	157	0	0	0	0
8	511	157	0	0	0	0
9	511	157	0	0	0	0
10	512	157	0	0	0	0
11	511	157	0	0	0	0
12	513	157	0	0	0	0
13	513	158	0	0	0	0
14	511	158	0	0	0	0
15	510	158	0	0	0	0
0	510	158	0	0	0	0
1	511	158	0	0	0	0
2	512	158	0	0	0	0
3	512	159	0	0	0	0
4	512	159	0	0	0	0
5	509	159	0	0	0	0
6	514	159	0	0	0	0
7	516	159	0	0	0	0
8	509	160	0	0	0	0
9	511	160	0	0	0	0
10	511	160	0	0	0	0
11	511	161	0	0	0	0
12	509	161	0	0	0	0
13	511	161	0	0	0	0
14	515	162	0	0	0	0
15	509	162	0	0	0	0
0	511	163	0	0	0	0
1	511	163	0	0	0	0
2	513	164	0	0	0	0
3	511	165	0	0	0	0
4	512	165	0	0	0	0
5	508	166	0	0	0	0
6	513	166	0	0	0	0
7	515	167	0	0	0	0
8	511	167	0	0	0	0
9	509	168	0	0	0	0
10	514	169	0	0	0	0
11	512	169	0	0	0	0
12	510	170	0	0	0	0
13	512	171	0	0	0	0
14	511	172	0	0	0	0
15	513	172	0	0	0	0
0	511	173	0	0	0	0
1	510	173	0	0	0	0
2	511	174	0	0	0	0
3	510	175	0	0	0	0
4	511	175	0	0	0	0
5	509	176	0	0	0	0
6	508	176	0	0	0	0
7	512	177	0	0	0	0
8	511	178	0	0	0	0
9	512	178	0	0	0	0
10	515	179	0	0	0	0
11	513	179	0	0	0	0
12	512	180	0	0	0	0
13	510	180	0	0	0	0
14	511	180	0	0	0	0
15	512	182	0	0	0	0
0	512	182	0	0	0	0
1	507	182	0	0	0	0
2	510	183	0	0	0	0
3	508	184	0	0	0	0
4	511	184	0	0	0	0
5	510	184	0	0	0	0
6	510	185	0	0	0	0
7	510	185	0	0	0	0
8	510	186	0	0	0	0
9	509	186	0	0	0	0
10	512	186	0	0	0	0
11	510	187	0	0	0	0
12	510	187	0	0	0	0
13	509	188	0	0	0	0
14	511	188	0	0	0	0
15	512	188	0	0	0	0
0	511	188	0	0	0	0
1	512	189	0	0	0	0
2	510	188	0	0	0	0
3	511	189	0	0	0	0
4	512	189	0	0	0	0
5	512	189	0	0	0	0
6	513	189	0	0	0	0
7	511	190	0	0	0	0
8	510	190	0	0	0	0
9	513	190	0	0	0	0
10	510	190	0	0	0	0
11	511	190	0	0	0	0
12	510	190	0	0	0	0
13	512	190	0	0	0	0
14	511	190	0	0	0	0
15	510	189	0	0	0	0
0	510	189	0	0	0	0
1	513	189	0	0	0	0
2	511	190	0	0	0	0
3	513	190	0	0	0	0
4	511	190	0	0	0	0
5	509	190	0	0	0	0
6	511	190	0	0	0	0
7	509	190	0	0	0	0
8	509	189	0	0	0	0
9	511	189	0	0	0	0
10	511	189	0	0	0	0
11	511	189	0	0	0	0
12	510	188	0	0	0	0
13	510	188	0	0	0	0
14	509	188	0	0	0	0
15	511	188	0	0	0	0
0	512	187	0	0	0	0
1	511	187	0	0	0	0
2	512	187	0	0	0	0
3	513	186	0	0	0	0
4	511	186	0	0	0	0
5	511	185	0	0	0	0
6	512	185	0	0	0	0
7	509	184	0	0	0	0
8	511	184	0	0	0	0
9	509	184	0	0	0	0
10	512	184	0	0	0	0
11	511	183	0	0	0	0
12	512	182	0	0	0	0
13	512	182	0	0	0	0
14	511	181	0	0	0	0
15	512	181	0	0	0	0
0	514	180	0	0	0	0
1	512	180	0	0	0	0
2	510	179	0	0	0	0
3	508	179	0	0	0	0
4	510	178	0	0	0	0
5	515	177	0	0	0	0
6	512	177	0	0	0	0
7	512	176	0	0	0	0
8	511	175	0	0	0	0
9	510	175	0	0	0	0
10	509	174	0	0	0	0
11	510	173	0	0	0	0
12	512	172	0	0	0	0
13	508	171	0	0	0	0
14	512	171	0	0	0	0
15	513	170	0	0	0	0
0	512	169	0	0	0	0
1	510	168	0	0	0	0
2	510	167	0	0	0	0
3	513	166	0	0	0	0
4	511	165	0	0	0	0
5	510	165	0	0	0	0
6	516	164	0	0	0	0
7	515	163	0	0	0	0
8	514	162	0	0	0	0
9	512	162	0	0	0	0
10	509	161	0	0	0	0
11	511	161	0	0	0	0
12	512	160	0	0	0	0
13	512	160	0	0	0	0
14	511	159	0	0	0	0
15	513	159	0	0	0	0
0	512	159	0	0	0	0
1	510	159	0	0	0	0
2	512	159	0	0	0	0
3	512	158	0	0	0	0
4	512	158	0	0	0	0
5	511	158	0	0	0	0
6	511	158	0	0	0	0
7	512	157	0	0	0	0
8	512	158	0	0	0	0
9	511	157	0	0	0	0
10	510	157	0	0	0	0
11	509	157	0	0	0	0
12	513	157	0	0	0	0
13	510	157	0	0	0	0
14	512	157	0	0	0	0
15	509	158	0	0	0	0
0	513	157	0	0	0	0
1	511	158	0	0	0	0
2	511	158	0	0	0	0
3	511	158	0	0	0	0
4	510	159	0	0	0	0
5	508	159	0	0	0	0
6	511	159	0	0	0	0
7	511	159	0	0	0	0
8	513	160	0	0	0	0
9	511	160	0	0	0	0
10	511	161	0	0	0	0
11	508	161	0	0	0	0
12	512	161	0	0	0	0
13	513	162	0	0	0	0
14	513	162	0	0	0	0
15	511	162	0	0	0	0
0	513	163	0	0	0	0
1	511	163	0	0	0	0
2	508	164	0	0	0	0
3	512	164	0	0	0	0
4	514	165	0	0	0	0
5	513	165	0	0	0	0
6	512	164	0	0	0	0
7	510	163	0	0	0	0
8	513	163	0	0	0	0
9	515	167	0	0	0	0
10	512	168	0	0	0	0
11	510	169	0	0	0	0
12	513	169	0	0	0	0
13	513	170	0	0	0	0
14	513	171	0	0	0	0
15	511	171	0	0	0	0
0	511	172	0	0	0	0
1	512	172	0	0	0	0
2	511	174	0	0	0	0
3	510	174	0	0	0	0
4	512	175	0	0	0	0
5	512	175	0	0	0	0
6	509	176	0	0	0	0
7	511	176	0	0	0	0
8	514	177	0	0	0	0
9	512	177	0	0	0	0
10	509	178	0	0	0	0
11	513	179	0	0	0	0
12	512	179	0	0	0	0
13	512	180	0	0	0	0
14	512	180	0	0	0	0
15	509	182	0	0	0	0
0	513	182	0	0	0	0
1	514	183	0	0	0	0
2	511	183	0	0	0	0
3	511	184	0	0	0	0
4	510	184	0	0	0	0
5	513	185	0	0	0	0
6	513	186	0	0	0	0
7	511	186	0	0	0	0
8	511	187	0	0	0	0
9	510	187	0	0	0	0
10	511	187	0	0	0	0
11	512	188	0	0	0	0
12	508	188	0	0	0	0
13	512	187	0	0	0	0
14	511	187	0	0	0	0
15	513	187	0	0	0	0
0	512	187	0	0	0	0
1	512	187	0	0	0	0
2	512	187	0	0	0	0
3	511	187	0	0	0	0
4	513	187	0	0	0	0
5	510	187	0	0	0	0
6	511	187	0	0	0	0
7	509	187	0	0	0	0
8	513	187	0	0	0	0
9	512	187	0	0	0	0
10	511	187	0	0	0	0
11	512	187	0	0	0	0
12	508	187	0	0	0	0
13	511	187	0	0	0	0
14	514	187	0	0	0	0
15	513	187	0	0	0	0
0	511	187	0	0	0	0
1	512	187	0	0	0	0
2	509	187	0	0	0	0
3	515	187	0	0	0	0
4	513	186	0	0	0	0
5	510	186	0	0	0	0
6	511	186	0	0	0	0
7	509	185	0	0	0	0
8	509	185	0	0	0	0
9	510	185	0	0	0	0
10	511	184	0	0	0	0
11	514	184	0	0	0	0
12	507	184	0	0	0	0
13	515	184	0	0	0	0
14	511	183	0	0	0	0
15	512	183	0	0	0	0

