0	491	171	0	0	0	0
1	518	171	0	0	0	0
2	559	171	0	0	0	0
3	494	171	0	0	0	0
4	492	171	0	0	0	0
5	497	171	0	0	0	0
6	502	170	0	0	0	0
7	676	171	0	0	0	0
8	530	171	0	0	0	0
9	578	171	0	0	0	0
10	467	171	0	0	0	0
11	497	171	0	0	0	0
12	519	169	0	0	0	0
13	483	168	0	0	0	0
14	401	168	0	0	0	0
15	525	168	0	0	0	0
0	525	168	0	0	0	0
1	487	167	0	0	0	0
2	512	166	0	0	0	0
3	505	166	0	0	0	0
4	703	166	0	0	0	0
5	517	165	0	0	0	0
6	546	165	0	0	0	0
7	480	165	0	0	0	0
8	512	165	0	0	0	0
9	541	164	0	0	0	0
10	494	164	0	0	0	0
11	517	164	0	0	0	0
12	540	166	0	0	0	0
13	489	166	0	0	0	0
14	500	166	0	0	0	0
15	520	167	0	0	0	0
0	489	167	0	0	0	0
1	493	168	0	0	0	0
2	529	168	0	0	0	0
3	505	167	0	0	0	0
4	508	167	0	0	0	0
5	523	166	0	0	0	0
6	458	165	0	0	0	0
7	567	164	0	0	0	0
8	532	165	0	0	0	0
9	569	165	0	0	0	0
10	477	165	0	0	0	0
11	517	166	0	0	0	0
12	511	166	0	0	0	0
13	519	166	0	0	0	0
14	620	167	0	0	0	0
15	519	167	0	0	0	0
0	561	167	0	0	0	0
1	460	167	0	0	0	0
2	498	168	0	0	0	0
3	501	168	0	0	0	0
4	546	167	0	0	0	0
5	497	168	0	0	0	0
6	516	167	0	0	0	0
7	553	168	0	0	0	0
8	479	168	0	0	0	0
9	495	168	0	0	0	0
10	505	168	0	0	0	0
11	511	168	0	0	0	0
12	476	168	0	0	0	0
13	295	167	0	0	0	0
14	536	168	0	0	0	0
15	551	167	0	0	0	0
0	472	168	0	0	0	0
1	503	167	0	0	0	0
2	503	168	0	0	0	0
3	535	167	0	0	0	0
4	570	167	0	0	0	0
5	512	167	0	0	0	0
6	564	167	0	0	0	0
7	471	167	0	0	0	0
8	492	167	0	0	0	0
9	505	167	0	0	0	0
10	539	167	0	0	0	0
11	490	167	0	0	0	0
12	500	167	0	0	0	0
13	544	168	0	0	0	0
14	499	167	0	0	0	0
15	486	167	0	0	0	0
0	501	167	0	0	0	0
1	523	167	0	0	0	0
2	480	167	0	0	0	0
3	440	167	0	0	0	0
4	534	167	0	0	0	0
5	532	167	0	0	0	0
6	491	167	0	0	0	0
7	501	167	0	0	0	0
8	505	167	0	0	0	0
9	483	167	0	0	0	0
10	289	167	0	0	0	0
11	528	167	0	0	0	0
12	550	167	0	0	0	0
13	477	167	0	0	0	0
14	499	167	0	0	0	0
15	501	167	0	0	0	0
0	484	167	0	0	0	0
1	312	167	0	0	0	0
2	525	167	0	0	0	0
3	548	167	0	0	0	0
4	478	167	0	0	0	0
5	498	167	0	0	0	0
6	532	167	0	0	0	0
7	487	167	0	0	0	0
8	462	167	0	0	0	0
9	532	167	0	0	0	0
10	519	167	0	0	0	0
11	489	167	0	0	0	0
12	502	167	0	0	0	0
13	542	167	0	0	0	0
14	517	167	0	0	0	0
15	508	167	0	0	0	0
0	560	167	0	0	0	0
1	481	167	0	0	0	0
2	502	167	0	0	0	0
3	501	167	0	0	0	0
4	513	167	0	0	0	0
5	699	167	0	0	0	0
6	515	167	0	0	0	0
7	567	167	0	0	0	0
8	472	167	0	0	0	0
9	508	167	0	0	0	0
10	502	167	0	0	0	0
11	518	167	0	0	0	0
12	650	167	0	0	0	0
13	513	167	0	0	0	0
14	570	167	0	0	0	0
15	465	167	0	0	0	0
0	503	167	0	0	0	0
1	508	167	0	0	0	0
2	515	167	0	0	0	0
3	488	167	0	0	0	0
4	354	167	0	0	0	0
5	526	167	0	0	0	0
6	546	167	0	0	0	0
7	480	167	0	0	0	0
8	504	167	0	0	0	0
9	506	167	0	0	0	0
10	529	167	0	0	0	0
11	497	167	0	0	0	0
12	478	167	0	0	0	0
13	534	167	0	0	0	0
14	510	167	0	0	0	0
15	484	167	0	0	0	0
0	508	167	0	0	0	0
1	505	167	0	0	0	0
2	539	167	0	0	0	0
3	508	167	0	0	0	0
4	508	167	0	0	0	0
5	550	167	0	0	0	0
6	476	167	0	0	0	0
7	494	167	0	0	0	0
8	503	167	0	0	0	0
9	512	167	0	0	0	0
10	508	167	0	0	0	0
11	719	167	0	0	0	0
12	521	167	0	0	0	0
13	570	167	0	0	0	0
14	465	167	0	0	0	0
15	500	167	0	0	0	0
0	492	167	0	0	0	0
1	507	167	0	0	0	0
2	490	167	0	0	0	0
3	318	166	0	0	0	0
4	535	167	0	0	0	0
5	559	167	0	0	0	0
6	470	167	0	0	0	0
7	506	167	0	0	0	0
8	511	167	0	0	0	0
9	537	167	0	0	0	0
10	497	167	0	0	0	0
11	499	167	0	0	0	0
12	544	167	0	0	0	0
13	499	167	0	0	0	0
14	484	167	0	0	0	0
15	504	167	0	0	0	0
0	497	167	0	0	0	0
1	513	167	0	0	0	0
2	732	167	0	0	0	0
3	517	166	0	0	0	0
4	573	167	0	0	0	0
5	467	167	0	0	0	0
6	501	167	0	0	0	0
7	502	167	0	0	0	0
8	539	167	0	0	0	0
9	499	167	0	0	0	0
10	496	167	0	0	0	0
11	544	167	0	0	0	0
12	487	167	0	0	0	0
13	499	167	0	0	0	0
14	503	167	0	0	0	0
15	537	167	0	0	0	0
0	515	167	0	0	0	0
1	504	167	0	0	0	0
2	545	167	0	0	0	0
3	478	167	0	0	0	0
4	498	167	0	0	0	0
5	505	167	0	0	0	0
6	492	167	0	0	0	0
7	713	167	0	0	0	0
8	521	167	0	0	0	0
9	566	167	0	0	0	0
10	473	167	0	0	0	0
11	510	167	0	0	0	0
12	522	167	0	0	0	0
13	483	167	0	0	0	0
14	428	167	0	0	0	0
15	537	167	0	0	0	0
0	533	167	0	0	0	0
1	486	167	0	0	0	0
2	508	167	0	0	0	0
3	509	167	0	0	0	0
4	482	167	0	0	0	0
5	312	166	0	0	0	0
6	529	167	0	0	0	0
7	557	167	0	0	0	0
8	478	167	0	0	0	0
9	504	167	0	0	0	0
10	503	167	0	0	0	0
11	543	167	0	0	0	0
12	496	167	0	0	0	0
13	500	167	0	0	0	0
14	545	167	0	0	0	0
15	489	167	0	0	0	0
0	489	167	0	0	0	0
1	504	167	0	0	0	0
2	503	167	0	0	0	0
3	543	167	0	0	0	0
4	529	167	0	0	0	0
5	502	166	0	0	0	0
6	558	167	0	0	0	0
7	477	167	0	0	0	0
8	499	167	0	0	0	0
9	500	167	0	0	0	0
10	512	167	0	0	0	0
11	498	167	0	0	0	0
12	721	167	0	0	0	0
13	516	167	0	0	0	0
14	564	167	0	0	0	0
15	466	167	0	0	0	0
0	509	166	0	0	0	0
1	504	167	0	0	0	0
2	536	167	0	0	0	0
3	550	167	0	0	0	0
4	509	167	0	0	0	0
5	556	167	0	0	0	0
6	476	167	0	0	0	0
7	501	167	0	0	0	0
8	503	167	0	0	0	0
9	511	167	0	0	0	0
10	728	167	0	0	0	0
11	515	167	0	0	0	0
12	567	167	0	0	0	0
13	474	167	0	0	0	0
14	500	167	0	0	0	0
15	508	166	0	0	0	0
0	484	167	0	0	0	0
1	284	166	0	0	0	0
2	527	167	0	0	0	0
3	559	167	0	0	0	0
4	471	167	0	0	0	0
5	508	167	0	0	0	0
6	525	167	0	0	0	0
7	485	167	0	0	0	0
8	473	167	0	0	0	0
9	537	167	0	0	0	0
10	524	167	0	0	0	0
11	481	167	0	0	0	0
12	509	167	0	0	0	0
13	520	167	0	0	0	0
14	486	167	0	0	0	0
15	377	166	0	0	0	0
0	529	167	0	0	0	0
1	540	167	0	0	0	0
2	468	167	0	0	0	0
3	490	167	0	0	0	0
4	495	167	0	0	0	0
5	515	167	0	0	0	0
6	703	167	0	0	0	0
7	514	167	0	0	0	0
8	575	167	0	0	0	0
9	474	167	0	0	0	0
10	504	167	0	0	0	0
11	508	167	0	0	0	0
12	551	167	0	0	0	0
13	499	167	0	0	0	0
14	498	167	0	0	0	0
15	553	167	0	0	0	0
0	485	167	0	0	0	0
1	498	167	0	0	0	0
2	504	167	0	0	0	0
3	545	167	0	0	0	0
4	505	167	0	0	0	0
5	499	167	0	0	0	0
6	547	167	0	0	0	0
7	491	167	0	0	0	0
8	497	167	0	0	0	0
9	501	167	0	0	0	0
10	519	167	0	0	0	0
11	658	167	0	0	0	0
12	510	167	0	0	0	0
13	562	167	0	0	0	0
14	473	167	0	0	0	0
15	504	167	0	0	0	0
0	503	167	0	0	0	0
1	488	167	0	0	0	0
2	716	167	0	0	0	0
3	515	167	0	0	0	0
4	565	167	0	0	0	0
5	468	167	0	0	0	0
6	501	167	0	0	0	0
7	500	167	0	0	0	0
8	483	167	0	0	0	0
9	556	167	0	0	0	0
10	518	167	0	0	0	0
11	567	167	0	0	0	0
12	470	167	0	0	0	0
13	501	167	0	0	0	0
14	501	167	0	0	0	0
15	493	167	0	0	0	0
0	742	167	0	0	0	0
1	514	167	0	0	0	0
2	563	167	0	0	0	0
3	472	167	0	0	0	0
4	504	167	0	0	0	0
5	500	167	0	0	0	0
6	515	167	0	0	0	0
7	723	167	0	0	0	0
8	508	167	0	0	0	0
9	558	167	0	0	0	0
10	472	167	0	0	0	0
11	503	167	0	0	0	0
12	504	167	0	0	0	0
13	515	167	0	0	0	0
14	733	167	0	0	0	0
15	509	167	0	0	0	0
0	561	167	0	0	0	0
1	475	167	0	0	0	0
2	505	167	0	0	0	0
3	510	167	0	0	0	0
4	494	167	0	0	0	0
5	738	167	0	0	0	0
6	515	167	0	0	0	0
7	567	167	0	0	0	0
8	471	167	0	0	0	0
9	499	167	0	0	0	0
10	500	167	0	0	0	0
11	483	167	0	0	0	0
12	491	167	0	0	0	0
13	516	167	0	0	0	0
14	568	167	0	0	0	0
15	476	167	0	0	0	0
0	507	167	0	0	0	0
1	510	167	0	0	0	0
2	483	167	0	0	0	0
3	299	167	0	0	0	0
4	523	167	0	0	0	0
5	552	167	0	0	0	0
6	476	167	0	0	0	0
7	503	167	0	0	0	0
8	523	167	0	0	0	0
9	484	167	0	0	0	0
10	433	167	0	0	0	0
11	526	167	0	0	0	0
12	532	167	0	0	0	0
13	482	167	0	0	0	0
14	500	167	0	0	0	0
15	542	167	0	0	0	0
0	500	167	0	0	0	0
1	492	167	0	0	0	0
2	538	167	0	0	0	0
3	502	167	0	0	0	0
4	495	167	0	0	0	0
5	507	167	0	0	0	0
6	501	167	0	0	0	0
7	732	167	0	0	0	0
8	517	167	0	0	0	0
9	562	167	0	0	0	0
10	472	167	0	0	0	0
11	505	167	0	0	0	0
12	518	167	0	0	0	0
13	480	167	0	0	0	0
14	390	167	0	0	0	0
15	527	167	0	0	0	0
0	543	167	0	0	0	0
1	481	167	0	0	0	0
2	503	167	0	0	0	0
3	545	167	0	0	0	0
4	492	167	0	0	0	0
5	488	167	0	0	0	0
6	536	167	0	0	0	0
7	480	167	0	0	0	0
8	480	167	0	0	0	0
9	504	167	0	0	0	0
10	521	165	0	0	0	0
11	632	165	0	0	0	0
12	480	165	0	0	0	0
13	541	165	0	0	0	0
14	501	164	0	0	0	0
15	526	163	0	0	0	0
0	527	163	0	0	0	0
1	491	164	0	0	0	0
2	297	164	0	0	0	0
3	540	164	0	0	0	0
4	560	163	0	0	0	0
5	485	163	0	0	0	0
6	509	109	0	0	0	0
7	554	92	0	0	0	0
8	524	71	0	0	0	0
9	519	49	0	0	0	0
10	555	31	0	0	0	0
11	464	31	0	0	0	0
12	487	39	0	0	0	0
13	511	26	0	0	0	0
14	479	25	0	0	0	0
15	388	31	0	0	0	0
0	531	36	0	0	0	0
1	543	48	0	0	0	0
2	483	57	0	0	0	0
3	507	60	0	0	0	0
4	487	64	0	0	0	0
5	652	60	0	0	0	0
6	526	62	0	0	0	0
7	559	66	0	0	0	0
8	464	72	0	0	0	0
9	494	76	0	0	0	0
10	520	74	0	0	0	0
11	574	72	0	0	0	0
12	512	75	0	0	0	0
13	561	78	0	0	0	0
14	471	74	0	0	0	0
15	496	71	0	0	0	0
0	520	70	0	0	0	0
1	479	71	0	0	0	0
2	428	69	0	0	0	0
3	531	67	0	0	0	0
4	536	67	0	0	0	0
5	486	66	0	0	0	0
6	496	65	0	0	0	0
7	541	64	0	0	0	0
8	499	63	0	0	0	0
9	504	61	0	0	0	0
10	550	61	0	0	0	0
11	485	60	0	0	0	0
12	497	59	0	0	0	0
13	503	59	0	0	0	0
14	483	57	0	0	0	0
15	502	56	0	0	0	0
0	516	55	0	0	0	0
1	547	55	0	0	0	0
2	477	54	0	0	0	0
3	508	53	0	0	0	0
4	544	54	0	0	0	0
5	506	54	0	0	0	0
6	509	54	0	0	0	0
7	554	53	0	0	0	0
8	487	51	0	0	0	0
9	498	51	0	0	0	0
10	512	53	0	0	0	0
11	472	53	0	0	0	0
12	387	52	0	0	0	0
13	527	52	0	0	0	0
14	539	52	0	0	0	0
15	480	52	0	0	0	0
0	498	52	0	0	0	0
1	503	52	0	0	0	0
2	706	53	0	0	0	0
3	518	52	0	0	0	0
4	564	52	0	0	0	0
5	472	52	0	0	0	0
6	503	53	0	0	0	0
7	528	51	0	0	0	0
8	483	49	0	0	0	0
9	486	48	0	0	0	0
10	538	48	0	0	0	0
11	513	47	0	0	0	0
12	496	46	0	0	0	0
13	498	41	0	0	0	0
14	499	38	0	0	0	0
15	718	39	0	0	0	0
0	513	38	0	0	0	0
1	555	39	0	0	0	0
2	474	39	0	0	0	0
3	499	39	0	0	0	0
4	541	40	0	0	0	0
5	493	40	0	0	0	0
6	501	40	0	0	0	0
7	542	38	0	0	0	0
8	496	36	0	0	0	0
9	503	35	0	0	0	0
10	513	37	0	0	0	0
11	477	38	0	0	0	0
12	381	40	0	0	0	0
13	528	44	0	0	0	0
14	531	48	0	0	0	0
15	489	47	0	0	0	0
0	504	47	0	0	0	0
1	498	48	0	0	0	0
2	701	48	0	0	0	0
3	514	47	0	0	0	0
4	559	47	0	0	0	0
5	470	47	0	0	0	0
6	504	46	0	0	0	0
7	544	46	0	0	0	0
8	490	47	0	0	0	0
9	496	46	0	0	0	0
10	544	43	0	0	0	0
11	499	41	0	0	0	0
12	495	43	0	0	0	0
13	499	43	0	0	0	0
14	492	42	0	0	0	0
15	723	42	0	0	0	0
0	519	42	0	0	0	0
1	561	43	0	0	0	0
2	479	43	0	0	0	0
3	504	42	0	0	0	0
4	498	40	0	0	0	0
5	481	37	0	0	0	0
6	280	37	0	0	0	0
7	523	38	0	0	0	0
8	547	37	0	0	0	0
9	481	36	0	0	0	0
10	503	36	0	0	0	0
11	507	35	0	0	0	0
12	480	34	0	0	0	0
13	310	36	0	0	0	0
14	527	36	0	0	0	0
15	539	36	0	0	0	0
0	483	37	0	0	0	0
1	506	37	0	0	0	0
2	528	38	0	0	0	0
3	483	38	0	0	0	0
4	470	38	0	0	0	0
5	533	38	0	0	0	0
6	522	40	0	0	0	0
7	486	42	0	0	0	0
8	498	45	0	0	0	0
9	528	40	0	0	0	0
10	487	35	0	0	0	0
11	462	33	0	0	0	0
12	535	29	0	0	0	0
13	526	30	0	0	0	0
14	487	31	0	0	0	0
15	504	32	0	0	0	0
0	515	32	0	0	0	0
1	482	32	0	0	0	0
2	383	33	0	0	0	0
3	529	35	0	0	0	0
4	540	35	0	0	0	0
5	483	33	0	0	0	0
6	504	29	0	0	0	0
7	509	27	0	0	0	0
8	487	25	0	0	0	0
9	370	25	0	0	0	0
10	519	27	0	0	0	0
11	550	33	0	0	0	0
12	473	38	0	0	0	0
13	506	41	0	0	0	0
14	511	50	0	0	0	0
15	481	62	0	0	0	0
0	326	72	0	0	0	0
1	525	72	0	0	0	0
2	544	70	0	0	0	0
3	485	74	0	0	0	0
4	505	79	0	0	0	0
5	544	78	0	0	0	0
6	494	76	0	0	0	0
7	508	76	0	0	0	0
8	552	75	0	0	0	0
9	483	73	0	0	0	0
10	496	71	0	0	0	0
11	495	70	0	0	0	0
12	487	68	0	0	0	0
13	611	66	0	0	0	0
14	512	63	0	0	0	0
15	557	62	0	0	0	0
0	475	61	0	0	0	0
1	502	61	0	0	0	0
2	534	61	0	0	0	0
3	486	60	0	0	0	0
4	491	60	0	0	0	0
5	539	60	0	0	0	0
6	508	61	0	0	0	0
7	494	60	0	0	0	0
8	505	61	0	0	0	0
9	517	60	0	0	0	0
10	670	61	0	0	0	0
11	509	61	0	0	0	0
12	562	62	0	0	0	0
13	477	61	0	0	0	0
14	506	60	0	0	0	0
15	500	60	0	0	0	0
0	477	63	0	0	0	0
1	323	64	0	0	0	0
2	521	61	0	0	0	0
3	547	62	0	0	0	0
4	482	60	0	0	0	0
5	508	61	0	0	0	0
6	529	60	0	0	0	0
7	487	59	0	0	0	0
8	473	59	0	0	0	0
9	536	58	0	0	0	0
10	520	58	0	0	0	0
11	491	58	0	0	0	0
12	503	58	0	0	0	0
13	504	58	0	0	0	0
14	726	57	0	0	0	0
15	520	56	0	0	0	0
0	564	56	0	0	0	0
1	471	56	0	0	0	0
2	507	58	0	0	0	0
3	521	59	0	0	0	0
4	478	57	0	0	0	0
5	457	57	0	0	0	0
6	535	57	0	0	0	0
7	531	56	0	0	0	0
8	487	55	0	0	0	0
9	505	54	0	0	0	0
10	548	53	0	0	0	0
11	492	52	0	0	0	0
12	496	49	0	0	0	0
13	547	49	0	0	0	0
14	494	49	0	0	0	0
15	494	49	0	0	0	0
0	502	50	0	0	0	0
1	536	49	0	0	0	0
2	489	49	0	0	0	0
3	489	49	0	0	0	0
4	541	49	0	0	0	0
5	512	49	0	0	0	0
6	489	48	0	0	0	0
7	500	48	0	0	0	0
8	531	48	0	0	0	0
9	491	48	0	0	0	0
10	480	47	0	0	0	0
11	536	46	0	0	0	0
12	513	47	0	0	0	0
13	491	45	0	0	0	0
14	503	45	0	0	0	0
15	547	47	0	0	0	0
0	504	50	0	0	0	0
1	504	51	0	0	0	0
2	556	51	0	0	0	0
3	483	51	0	0	0	0
4	499	49	0	0	0	0
5	504	50	0	0	0	0
6	528	49	0	0	0	0
7	593	51	0	0	0	0
8	510	52	0	0	0	0
9	564	54	0	0	0	0
10	471	55	0	0	0	0
11	501	57	0	0	0	0
12	502	61	0	0	0	0
13	519	71	0	0	0	0
14	708	76	0	0	0	0
15	512	71	0	0	0	0
0	567	71	0	0	0	0
1	472	71	0	0	0	0
2	504	72	0	0	0	0
3	505	72	0	0	0	0
4	487	71	0	0	0	0
5	620	72	0	0	0	0
6	521	72	0	0	0	0
7	556	70	0	0	0	0
8	472	69	0	0	0	0
9	507	69	0	0	0	0
10	521	68	0	0	0	0
11	483	67	0	0	0	0
12	404	67	0	0	0	0
13	530	67	0	0	0	0
14	529	67	0	0	0	0
15	486	67	0	0	0	0
0	508	67	0	0	0	0
1	547	66	0	0	0	0
2	504	63	0	0	0	0
3	502	59	0	0	0	0
4	550	61	0	0	0	0
5	480	73	0	0	0	0
6	499	77	0	0	0	0
7	500	79	0	0	0	0
8	512	82	0	0	0	0
9	717	84	0	0	0	0
10	512	84	0	0	0	0
11	571	80	0	0	0	0
12	472	78	0	0	0	0
13	505	75	0	0	0	0
14	504	73	0	0	0	0
15	490	71	0	0	0	0
0	710	73	0	0	0	0
1	516	74	0	0	0	0
2	563	75	0	0	0	0
3	474	76	0	0	0	0
4	508	77	0	0	0	0
5	507	70	0	0	0	0
6	484	60	0	0	0	0
7	297	59	0	0	0	0
8	521	60	0	0	0	0
9	551	63	0	0	0	0
10	480	63	0	0	0	0
11	506	61	0	0	0	0
12	525	60	0	0	0	0
13	485	60	0	0	0	0
14	464	60	0	0	0	0
15	535	58	0	0	0	0
0	521	56	0	0	0	0
1	492	56	0	0	0	0
2	506	57	0	0	0	0
3	549	57	0	0	0	0
4	491	57	0	0	0	0
5	499	57	0	0	0	0
6	551	57	0	0	0	0
7	493	57	0	0	0	0
8	497	57	0	0	0	0
9	500	59	0	0	0	0
10	549	58	0	0	0	0
11	494	59	0	0	0	0
12	497	58	0	0	0	0
13	547	57	0	0	0	0
14	497	57	0	0	0	0
15	496	58	0	0	0	0
0	502	56	0	0	0	0
1	534	54	0	0	0	0
2	490	55	0	0	0	0
3	488	54	0	0	0	0
4	537	54	0	0	0	0
5	510	53	0	0	0	0
6	494	53	0	0	0	0
7	503	53	0	0	0	0
8	536	53	0	0	0	0
9	485	53	0	0	0	0
10	467	53	0	0	0	0
11	532	54	0	0	0	0
12	521	55	0	0	0	0
13	487	55	0	0	0	0
14	500	55	0	0	0	0
15	530	50	0	0	0	0
0	487	41	0	0	0	0
1	478	32	0	0	0	0
2	538	35	0	0	0	0
3	516	51	0	0	0	0
4	491	63	0	0	0	0
5	505	71	0	0	0	0
6	535	75	0	0	0	0
7	491	79	0	0	0	0
8	490	80	0	0	0	0
9	540	80	0	0	0	0
10	508	80	0	0	0	0
11	492	80	0	0	0	0
12	501	81	0	0	0	0
13	550	78	0	0	0	0
14	489	76	0	0	0	0
15	496	76	0	0	0	0
0	551	78	0	0	0	0
1	493	77	0	0	0	0
2	499	74	0	0	0	0
3	502	72	0	0	0	0
4	547	71	0	0	0	0
5	519	63	0	0	0	0
6	505	58	0	0	0	0
7	551	61	0	0	0	0
8	486	60	0	0	0	0
9	497	59	0	0	0	0
10	502	57	0	0	0	0
11	497	57	0	0	0	0
12	729	57	0	0	0	0
13	517	57	0	0	0	0
14	555	59	0	0	0	0
15	476	59	0	0	0	0
0	505	59	0	0	0	0
1	519	59	0	0	0	0
2	481	60	0	0	0	0
3	416	60	0	0	0	0
4	534	61	0	0	0	0
5	537	62	0	0	0	0
6	484	61	0	0	0	0
7	504	63	0	0	0	0
8	542	65	0	0	0	0
9	488	63	0	0	0	0
10	492	61	0	0	0	0
11	545	61	0	0	0	0
12	503	61	0	0	0	0
13	493	63	0	0	0	0
14	505	65	0	0	0	0
15	547	63	0	0	0	0
0	512	64	0	0	0	0
1	505	64	0	0	0	0
2	554	64	0	0	0	0
3	483	64	0	0	0	0
4	503	64	0	0	0	0
5	504	63	0	0	0	0
6	520	63	0	0	0	0
7	705	63	0	0	0	0
8	510	62	0	0	0	0
9	557	62	0	0	0	0
10	476	62	0	0	0	0
11	505	62	0	0	0	0
12	503	63	0	0	0	0
13	478	62	0	0	0	0
14	355	64	0	0	0	0
15	524	63	0	0	0	0
0	557	64	0	0	0	0
1	475	63	0	0	0	0
2	504	60	0	0	0	0
3	508	55	0	0	0	0
4	480	46	0	0	0	0
5	275	41	0	0	0	0
6	524	41	0	0	0	0
7	557	58	0	0	0	0
8	479	66	0	0	0	0
9	504	68	0	0	0	0
10	503	67	0	0	0	0
11	487	69	0	0	0	0
12	559	70	0	0	0	0
13	520	71	0	0	0	0
14	561	70	0	0	0	0
15	475	69	0	0	0	0
0	505	69	0	0	0	0
1	506	67	0	0	0	0
2	512	67	0	0	0	0
3	749	69	0	0	0	0
4	515	71	0	0	0	0
5	556	69	0	0	0	0
6	475	70	0	0	0	0
7	507	70	0	0	0	0
8	504	70	0	0	0	0
9	483	70	0	0	0	0
10	543	70	0	0	0	0
11	519	69	0	0	0	0
12	557	71	0	0	0	0
13	475	71	0	0	0	0
14	504	71	0	0	0	0
15	509	72	0	0	0	0
0	482	71	0	0	0	0
1	322	71	0	0	0	0
2	529	69	0	0	0	0
3	553	71	0	0	0	0
4	478	73	0	0	0	0
5	502	72	0	0	0	0
6	527	72	0	0	0	0
7	482	72	0	0	0	0
8	453	72	0	0	0	0
9	531	73	0	0	0	0
10	536	73	0	0	0	0
11	486	72	0	0	0	0
12	504	75	0	0	0	0
13	539	75	0	0	0	0
14	489	74	0	0	0	0
15	494	73	0	0	0	0
0	543	72	0	0	0	0
1	508	72	0	0	0	0
2	498	72	0	0	0	0
3	505	73	0	0	0	0
4	520	72	0	0	0	0
5	674	73	0	0	0	0
6	514	72	0	0	0	0
7	557	72	0	0	0	0
8	475	71	0	0	0	0
9	505	72	0	0	0	0
10	516	71	0	0	0	0
11	482	71	0	0	0	0
12	348	71	0	0	0	0
13	530	70	0	0	0	0
14	541	70	0	0	0	0
15	481	72	0	0	0	0
0	503	74	0	0	0	0
1	545	73	0	0	0	0
2	493	75	0	0	0	0
3	503	73	0	0	0	0
4	551	75	0	0	0	0
5	489	74	0	0	0	0
6	494	75	0	0	0	0
7	499	72	0	0	0	0
8	527	71	0	0	0	0
9	596	74	0	0	0	0
10	508	73	0	0	0	0
11	561	73	0	0	0	0
12	478	73	0	0	0	0
13	503	73	0	0	0	0
14	502	73	0	0	0	0
15	549	72	0	0	0	0
0	497	72	0	0	0	0
1	501	71	0	0	0	0
2	545	71	0	0	0	0
3	486	71	0	0	0	0
4	497	71	0	0	0	0
5	507	71	0	0	0	0
6	522	67	0	0	0	0
7	648	67	0	0	0	0
8	512	61	0	0	0	0
9	561	57	0	0	0	0
10	478	57	0	0	0	0
11	506	58	0	0	0	0
12	504	57	0	0	0	0
13	490	56	0	0	0	0
14	699	60	0	0	0	0
15	519	58	0	0	0	0
0	566	61	0	0	0	0
1	475	62	0	0	0	0
2	503	63	0	0	0	0
3	506	63	0	0	0	0
4	484	65	0	0	0	0
5	465	69	0	0	0	0
6	522	67	0	0	0	0
7	562	69	0	0	0	0
8	474	68	0	0	0	0
9	504	69	0	0	0	0
10	504	68	0	0	0	0
11	483	68	0	0	0	0
12	475	67	0	0	0	0
13	524	66	0	0	0	0
14	556	68	0	0	0	0
15	480	68	0	0	0	0
0	505	67	0	0	0	0
1	508	67	0	0	0	0
2	480	67	0	0	0	0
3	316	66	0	0	0	0
4	525	66	0	0	0	0
5	543	65	0	0	0	0
6	485	64	0	0	0	0
7	505	67	0	0	0	0
8	546	67	0	0	0	0
9	492	67	0	0	0	0
10	499	67	0	0	0	0
11	549	67	0	0	0	0
12	497	67	0	0	0	0
13	495	67	0	0	0	0
14	501	66	0	0	0	0
15	519	65	0	0	0	0
0	649	68	0	0	0	0
1	512	67	0	0	0	0
2	564	68	0	0	0	0
3	477	68	0	0	0	0
4	498	68	0	0	0	0
5	502	68	0	0	0	0
6	486	67	0	0	0	0
7	591	67	0	0	0	0
8	518	67	0	0	0	0
9	558	67	0	0	0	0
10	476	67	0	0	0	0
11	506	67	0	0	0	0
12	504	66	0	0	0	0
13	484	66	0	0	0	0
14	414	66	0	0	0	0
15	518	66	0	0	0	0
0	550	67	0	0	0	0
1	478	66	0	0	0	0
2	505	67	0	0	0	0
3	521	66	0	0	0	0
4	486	66	0	0	0	0
5	415	65	0	0	0	0
6	531	65	0	0	0	0
7	534	66	0	0	0	0
8	487	67	0	0	0	0
9	507	67	0	0	0	0
10	550	67	0	0	0	0
11	492	67	0	0	0	0
12	497	67	0	0	0	0
13	552	67	0	0	0	0
14	489	66	0	0	0	0
15	495	69	0	0	0	0
0	501	69	0	0	0	0
1	511	68	0	0	0	0
2	711	70	0	0	0	0
3	513	68	0	0	0	0
4	564	70	0	0	0	0
5	472	68	0	0	0	0
6	505	69	0	0	0	0
7	505	68	0	0	0	0
8	475	68	0	0	0	0
9	325	67	0	0	0	0
10	524	67	0	0	0	0
11	557	69	0	0	0	0
12	479	67	0	0	0	0
13	503	67	0	0	0	0
14	521	67	0	0	0	0
15	482	67	0	0	0	0
0	432	67	0	0	0	0
1	527	68	0	0	0	0
2	530	66	0	0	0	0
3	487	64	0	0	0	0
4	506	65	0	0	0	0
5	527	64	0	0	0	0
6	616	63	0	0	0	0
7	511	63	0	0	0	0
8	556	64	0	0	0	0
9	475	64	0	0	0	0
10	501	65	0	0	0	0
11	514	65	0	0	0	0
12	480	65	0	0	0	0
13	383	65	0	0	0	0
14	528	65	0	0	0	0
15	541	66	0	0	0	0
0	486	65	0	0	0	0
1	506	66	0	0	0	0
2	547	67	0	0	0	0
3	496	66	0	0	0	0
4	503	66	0	0	0	0
5	555	66	0	0	0	0
6	482	66	0	0	0	0
7	500	67	0	0	0	0
8	500	66	0	0	0	0
9	519	66	0	0	0	0
10	665	66	0	0	0	0
11	510	65	0	0	0	0
12	563	65	0	0	0	0
13	475	64	0	0	0	0
14	505	64	0	0	0	0
15	498	64	0	0	0	0
0	550	65	0	0	0	0
1	496	64	0	0	0	0
2	496	64	0	0	0	0
3	541	64	0	0	0	0
4	497	64	0	0	0	0
5	495	66	0	0	0	0
6	502	65	0	0	0	0
7	523	64	0	0	0	0
8	489	64	0	0	0	0
9	475	64	0	0	0	0
10	537	64	0	0	0	0
11	514	63	0	0	0	0
12	492	63	0	0	0	0
13	506	63	0	0	0	0
14	531	63	0	0	0	0
15	487	65	0	0	0	0
0	493	64	0	0	0	0
1	543	65	0	0	0	0
2	508	65	0	0	0	0
3	489	64	0	0	0	0
4	500	66	0	0	0	0
5	531	66	0	0	0	0
6	486	64	0	0	0	0
7	478	64	0	0	0	0
8	537	65	0	0	0	0
9	521	66	0	0	0	0
10	484	66	0	0	0	0
11	498	66	0	0	0	0
12	507	66	0	0	0	0
13	483	66	0	0	0	0
14	283	66	0	0	0	0
15	522	66	0	0	0	0
0	553	65	0	0	0	0
1	474	64	0	0	0	0
2	504	66	0	0	0	0
3	503	66	0	0	0	0
4	489	64	0	0	0	0
5	504	64	0	0	0	0
6	517	63	0	0	0	0
7	551	63	0	0	0	0
8	476	61	0	0	0	0
9	508	64	0	0	0	0
10	523	63	0	0	0	0
11	486	63	0	0	0	0
12	426	63	0	0	0	0
13	528	63	0	0	0	0
14	533	63	0	0	0	0
15	486	63	0	0	0	0
0	504	63	0	0	0	0
1	549	65	0	0	0	0
2	492	66	0	0	0	0
3	502	65	0	0	0	0
4	547	65	0	0	0	0
5	487	65	0	0	0	0
6	493	65	0	0	0	0
7	502	65	0	0	0	0
8	503	66	0	0	0	0
9	731	67	0	0	0	0
10	515	65	0	0	0	0
11	566	65	0	0	0	0
12	474	67	0	0	0	0
13	501	67	0	0	0	0
14	515	65	0	0	0	0
15	481	65	0	0	0	0
0	384	64	0	0	0	0
1	528	64	0	0	0	0
2	539	66	0	0	0	0
3	480	65	0	0	0	0
4	500	64	0	0	0	0
5	545	63	0	0	0	0
6	507	62	0	0	0	0
7	504	61	0	0	0	0
8	545	63	0	0	0	0
9	488	63	0	0	0	0
10	505	63	0	0	0	0
11	510	62	0	0	0	0
12	477	63	0	0	0	0
13	339	62	0	0	0	0
14	527	62	0	0	0	0
15	545	64	0	0	0	0
0	483	64	0	0	0	0
1	501	63	0	0	0	0
2	539	65	0	0	0	0
3	515	64	0	0	0	0
4	505	65	0	0	0	0
5	558	65	0	0	0	0
6	485	64	0	0	0	0
7	500	67	0	0	0	0
8	499	66	0	0	0	0
9	479	65	0	0	0	0
10	475	65	0	0	0	0
11	521	64	0	0	0	0
12	554	66	0	0	0	0
13	474	67	0	0	0	0
14	502	65	0	0	0	0
15	526	64	0	0	0	0
0	481	64	0	0	0	0
1	463	63	0	0	0	0
2	534	63	0	0	0	0
3	521	63	0	0	0	0
4	491	62	0	0	0	0
5	501	61	0	0	0	0
6	548	61	0	0	0	0
7	516	61	0	0	0	0
8	503	60	0	0	0	0
9	548	61	0	0	0	0
10	485	62	0	0	0	0
11	504	61	0	0	0	0
12	502	61	0	0	0	0
13	480	61	0	0	0	0
14	335	62	0	0	0	0
15	524	62	0	0	0	0
0	556	62	0	0	0	0
1	476	62	0	0	0	0
2	499	63	0	0	0	0
3	528	61	0	0	0	0
4	485	61	0	0	0	0
5	476	60	0	0	0	0
6	537	60	0	0	0	0
7	524	62	0	0	0	0
8	490	61	0	0	0	0
9	502	59	0	0	0	0
10	540	59	0	0	0	0
11	526	58	0	0	0	0
12	504	59	0	0	0	0
13	556	59	0	0	0	0
14	484	58	0	0	0	0
15	503	58	0	0	0	0
0	502	59	0	0	0	0
1	497	59	0	0	0	0
2	746	60	0	0	0	0
3	515	59	0	0	0	0
4	552	50	0	0	0	0
5	480	53	0	0	0	0
6	504	54	0	0	0	0
7	522	55	0	0	0	0
8	484	55	0	0	0	0
9	444	57	0	0	0	0
10	531	57	0	0	0	0
11	528	60	0	0	0	0
12	492	60	0	0	0	0
13	502	60	0	0	0	0
14	541	60	0	0	0	0
15	514	60	0	0	0	0
0	508	59	0	0	0	0
1	563	60	0	0	0	0
2	480	56	0	0	0	0
3	497	47	0	0	0	0
4	499	47	0	0	0	0
5	484	53	0	0	0	0
6	651	53	0	0	0	0
7	518	55	0	0	0	0
8	557	57	0	0	0	0
9	477	57	0	0	0	0
10	502	59	0	0	0	0
11	512	60	0	0	0	0
12	475	62	0	0	0	0
13	348	63	0	0	0	0
14	525	61	0	0	0	0
15	541	61	0	0	0	0
0	485	60	0	0	0	0
1	499	60	0	0	0	0
2	550	60	0	0	0	0
3	494	60	0	0	0	0
4	497	60	0	0	0	0
5	538	59	0	0	0	0
6	495	57	0	0	0	0
7	498	59	0	0	0	0
8	502	60	0	0	0	0
9	487	57	0	0	0	0
10	604	60	0	0	0	0
11	521	60	0	0	0	0
12	554	62	0	0	0	0
13	481	61	0	0	0	0
14	503	62	0	0	0	0
15	526	63	0	0	0	0
0	481	66	0	0	0	0
1	459	63	0	0	0	0
2	534	63	0	0	0	0
3	525	64	0	0	0	0
4	488	64	0	0	0	0
5	499	65	0	0	0	0
6	548	64	0	0	0	0
7	490	65	0	0	0	0
8	493	65	0	0	0	0
9	547	65	0	0	0	0
10	487	65	0	0	0	0
11	498	65	0	0	0	0
12	500	66	0	0	0	0
13	520	65	0	0	0	0
14	661	65	0	0	0	0
15	509	64	0	0	0	0
0	553	65	0	0	0	0
1	478	64	0	0	0	0
2	503	64	0	0	0	0
3	505	64	0	0	0	0
4	479	64	0	0	0	0
5	280	62	0	0	0	0
6	523	63	0	0	0	0
7	549	63	0	0	0	0
8	481	64	0	0	0	0
9	504	66	0	0	0	0
10	531	63	0	0	0	0
11	486	65	0	0	0	0
12	477	64	0	0	0	0
13	537	65	0	0	0	0
14	513	64	0	0	0	0
15	489	66	0	0	0	0
0	500	66	0	0	0	0
1	549	64	0	0	0	0
2	492	65	0	0	0	0
3	498	66	0	0	0	0
4	552	66	0	0	0	0
5	487	63	0	0	0	0
6	500	66	0	0	0	0
7	502	66	0	0	0	0
8	502	63	0	0	0	0
9	745	63	0	0	0	0
10	512	63	0	0	0	0
11	556	63	0	0	0	0
12	478	60	0	0	0	0
13	508	61	0	0	0	0
14	519	60	0	0	0	0
15	482	60	0	0	0	0
0	403	60	0	0	0	0
1	526	60	0	0	0	0
2	528	59	0	0	0	0
3	487	60	0	0	0	0
4	503	62	0	0	0	0
5	522	61	0	0	0	0
6	640	62	0	0	0	0
7	512	60	0	0	0	0
8	559	61	0	0	0	0
9	473	63	0	0	0	0
10	502	62	0	0	0	0
11	512	63	0	0	0	0
12	478	63	0	0	0	0
13	367	65	0	0	0	0
14	529	63	0	0	0	0
15	540	63	0	0	0	0
0	484	62	0	0	0	0
1	501	63	0	0	0	0
2	541	63	0	0	0	0
3	520	63	0	0	0	0
4	504	66	0	0	0	0
5	559	67	0	0	0	0
6	481	63	0	0	0	0
7	499	63	0	0	0	0
8	497	63	0	0	0	0
9	481	62	0	0	0	0
10	611	62	0	0	0	0
11	515	61	0	0	0	0
12	549	63	0	0	0	0
13	477	68	0	0	0	0
14	505	66	0	0	0	0
15	549	65	0	0	0	0
0	494	63	0	0	0	0
1	500	61	0	0	0	0
2	542	59	0	0	0	0
3	491	59	0	0	0	0
4	496	61	0	0	0	0
5	507	57	0	0	0	0
6	483	57	0	0	0	0
7	319	55	0	0	0	0
8	526	55	0	0	0	0
9	538	55	0	0	0	0
10	478	56	0	0	0	0
11	503	55	0	0	0	0
12	497	57	0	0	0	0
13	707	57	0	0	0	0
14	518	57	0	0	0	0
15	559	58	0	0	0	0
0	474	58	0	0	0	0
1	503	59	0	0	0	0
2	525	59	0	0	0	0
3	483	60	0	0	0	0
4	489	58	0	0	0	0
5	542	59	0	0	0	0
6	510	58	0	0	0	0
7	489	58	0	0	0	0
8	505	58	0	0	0	0
9	480	59	0	0	0	0
10	481	60	0	0	0	0
11	525	59	0	0	0	0
12	553	60	0	0	0	0
13	477	59	0	0	0	0
14	503	59	0	0	0	0
15	515	59	0	0	0	0
0	644	62	0	0	0	0
1	508	60	0	0	0	0
2	558	59	0	0	0	0
3	476	59	0	0	0	0
4	503	60	0	0	0	0
5	522	60	0	0	0	0
6	478	58	0	0	0	0
7	450	59	0	0	0	0
8	529	57	0	0	0	0
9	525	58	0	0	0	0
10	490	56	0	0	0	0
11	501	56	0	0	0	0
12	547	55	0	0	0	0
13	489	56	0	0	0	0
14	499	55	0	0	0	0
15	544	55	0	0	0	0
0	491	54	0	0	0	0
1	498	54	0	0	0	0
2	497	52	0	0	0	0
3	502	52	0	0	0	0
4	727	53	0	0	0	0
5	511	52	0	0	0	0
6	551	53	0	0	0	0
7	478	52	0	0	0	0
8	508	53	0	0	0	0
9	541	52	0	0	0	0
10	491	53	0	0	0	0
11	497	52	0	0	0	0
12	546	53	0	0	0	0
13	495	56	0	0	0	0
14	496	56	0	0	0	0
15	500	56	0	0	0	0
0	480	55	0	0	0	0
1	476	55	0	0	0	0
2	520	55	0	0	0	0
3	559	56	0	0	0	0
4	471	54	0	0	0	0
5	500	56	0	0	0	0
6	532	56	0	0	0	0
7	486	56	0	0	0	0
8	495	55	0	0	0	0
9	544	56	0	0	0	0
10	498	56	0	0	0	0
11	491	57	0	0	0	0
12	498	58	0	0	0	0
13	527	57	0	0	0	0
14	622	58	0	0	0	0
15	510	57	0	0	0	0
0	561	58	0	0	0	0
1	477	57	0	0	0	0
2	501	57	0	0	0	0
3	501	56	0	0	0	0
4	479	56	0	0	0	0
5	398	56	0	0	0	0
6	521	56	0	0	0	0
7	543	56	0	0	0	0
8	481	56	0	0	0	0
9	501	56	0	0	0	0
10	522	55	0	0	0	0
11	484	56	0	0	0	0
12	479	55	0	0	0	0
13	538	55	0	0	0	0
14	515	55	0	0	0	0
15	493	53	0	0	0	0
0	500	53	0	0	0	0
1	498	52	0	0	0	0
2	723	53	0	0	0	0
3	512	52	0	0	0	0
4	553	52	0	0	0	0
5	480	52	0	0	0	0
6	504	53	0	0	0	0
7	527	52	0	0	0	0
8	491	53	0	0	0	0
9	491	53	0	0	0	0
10	539	53	0	0	0	0
11	509	53	0	0	0	0
12	492	54	0	0	0	0
13	500	54	0	0	0	0
14	502	54	0	0	0	0
15	713	55	0	0	0	0
0	513	54	0	0	0	0
1	563	54	0	0	0	0
2	470	53	0	0	0	0
3	500	53	0	0	0	0
4	508	52	0	0	0	0
5	476	53	0	0	0	0
6	334	52	0	0	0	0
7	525	53	0	0	0	0
8	543	53	0	0	0	0
9	483	54	0	0	0	0
10	499	53	0	0	0	0
11	526	52	0	0	0	0
12	481	52	0	0	0	0
13	431	52	0	0	0	0
14	528	53	0	0	0	0
15	526	52	0	0	0	0
0	484	52	0	0	0	0
1	505	51	0	0	0	0
2	513	51	0	0	0	0
3	483	50	0	0	0	0
4	325	49	0	0	0	0
5	525	49	0	0	0	0
6	535	51	0	0	0	0
7	485	59	0	0	0	0
8	508	48	0	0	0	0
9	504	50	0	0	0	0
10	477	56	0	0	0	0
11	305	52	0	0	0	0
12	528	47	0	0	0	0
13	544	47	0	0	0	0
14	480	46	0	0	0	0
15	504	43	0	0	0	0
0	505	41	0	0	0	0
1	480	41	0	0	0	0
2	280	41	0	0	0	0
3	519	39	0	0	0	0
4	552	39	0	0	0	0
5	473	40	0	0	0	0
6	505	41	0	0	0	0
7	504	41	0	0	0	0
8	507	44	0	0	0	0
9	738	43	0	0	0	0
10	516	41	0	0	0	0
11	563	39	0	0	0	0
12	469	37	0	0	0	0
13	501	39	0	0	0	0
14	501	40	0	0	0	0
15	548	40	0	0	0	0
0	489	40	0	0	0	0
1	497	39	0	0	0	0
2	547	41	0	0	0	0
3	487	43	0	0	0	0
4	496	30	0	0	0	0
5	505	29	0	0	0	0
6	533	25	0	0	0	0
7	492	27	0	0	0	0
8	489	28	0	0	0	0
9	538	27	0	0	0	0
10	507	28	0	0	0	0
11	488	27	0	0	0	0
12	503	30	0	0	0	0
13	543	31	0	0	0	0
14	519	33	0	0	0	0
15	509	32	0	0	0	0
0	559	35	0	0	0	0
1	481	35	0	0	0	0
2	502	35	0	0	0	0
3	504	35	0	0	0	0
4	495	35	0	0	0	0
5	715	35	0	0	0	0
6	515	35	0	0	0	0
7	562	35	0	0	0	0
8	472	34	0	0	0	0
9	501	36	0	0	0	0
10	506	36	0	0	0	0
11	480	38	0	0	0	0
12	283	39	0	0	0	0
13	526	38	0	0	0	0
14	553	39	0	0	0	0
15	476	37	0	0	0	0
0	501	39	0	0	0	0
1	525	37	0	0	0	0
2	482	38	0	0	0	0
3	420	36	0	0	0	0
4	529	33	0	0	0	0
5	541	34	0	0	0	0
6	487	40	0	0	0	0
7	504	41	0	0	0	0
8	527	47	0	0	0	0
9	483	47	0	0	0	0
10	448	39	0	0	0	0
11	532	37	0	0	0	0
12	531	39	0	0	0	0
13	489	51	0	0	0	0
14	503	59	0	0	0	0
15	527	62	0	0	0	0
0	485	62	0	0	0	0
1	486	63	0	0	0	0
2	538	63	0	0	0	0
3	506	65	0	0	0	0
4	492	65	0	0	0	0
5	508	66	0	0	0	0
6	533	66	0	0	0	0
7	487	67	0	0	0	0
8	474	68	0	0	0	0
9	533	69	0	0	0	0
10	519	69	0	0	0	0
11	487	68	0	0	0	0
12	504	69	0	0	0	0
13	508	68	0	0	0	0
14	488	69	0	0	0	0
15	316	70	0	0	0	0
0	523	71	0	0	0	0
1	554	70	0	0	0	0
2	472	70	0	0	0	0
3	504	71	0	0	0	0
4	507	70	0	0	0	0
5	526	70	0	0	0	0
6	672	69	0	0	0	0
7	509	68	0	0	0	0
8	558	70	0	0	0	0
9	474	70	0	0	0	0
10	506	68	0	0	0	0
11	505	69	0	0	0	0
12	542	67	0	0	0	0
13	500	68	0	0	0	0
14	502	67	0	0	0	0
15	543	67	0	0	0	0
0	486	67	0	0	0	0
1	500	67	0	0	0	0
2	504	68	0	0	0	0
3	539	70	0	0	0	0
4	513	70	0	0	0	0
5	506	71	0	0	0	0
6	552	71	0	0	0	0
7	480	70	0	0	0	0
8	496	70	0	0	0	0
9	500	71	0	0	0	0
10	523	68	0	0	0	0
11	618	69	0	0	0	0
12	511	69	0	0	0	0
13	565	70	0	0	0	0
14	473	70	0	0	0	0
15	498	71	0	0	0	0
0	502	71	0	0	0	0
1	512	71	0	0	0	0
2	728	71	0	0	0	0
3	512	71	0	0	0	0
4	569	71	0	0	0	0
5	474	70	0	0	0	0
6	501	71	0	0	0	0
7	500	71	0	0	0	0
8	529	72	0	0	0	0
9	602	71	0	0	0	0
10	508	69	0	0	0	0
11	561	69	0	0	0	0
12	476	68	0	0	0	0
13	506	69	0	0	0	0
14	505	69	0	0	0	0
15	536	68	0	0	0	0
0	566	68	0	0	0	0
1	508	67	0	0	0	0
2	554	68	0	0	0	0
3	479	68	0	0	0	0
4	502	68	0	0	0	0
5	503	68	0	0	0	0
6	507	68	0	0	0	0
7	736	68	0	0	0	0
8	519	67	0	0	0	0
9	559	70	0	0	0	0
10	475	68	0	0	0	0
11	506	70	0	0	0	0
12	504	69	0	0	0	0
13	482	69	0	0	0	0
14	290	69	0	0	0	0
15	528	69	0	0	0	0
0	551	71	0	0	0	0
1	481	70	0	0	0	0
2	504	69	0	0	0	0
3	525	70	0	0	0	0
4	484	71	0	0	0	0
5	481	70	0	0	0	0
6	534	71	0	0	0	0
7	522	70	0	0	0	0
8	488	71	0	0	0	0
9	503	71	0	0	0	0
10	530	71	0	0	0	0
11	487	70	0	0	0	0
12	488	67	0	0	0	0
13	540	68	0	0	0	0
14	514	69	0	0	0	0
15	491	67	0	0	0	0
0	504	67	0	0	0	0
1	527	65	0	0	0	0
2	492	63	0	0	0	0
3	483	63	0	0	0	0
4	539	65	0	0	0	0
5	509	64	0	0	0	0
6	491	64	0	0	0	0
7	503	65	0	0	0	0
8	545	64	0	0	0	0
9	504	65	0	0	0	0
10	506	65	0	0	0	0
11	551	65	0	0	0	0
12	485	67	0	0	0	0
13	498	69	0	0	0	0
14	505	68	0	0	0	0
15	518	67	0	0	0	0
0	647	67	0	0	0	0
1	507	68	0	0	0	0
2	568	69	0	0	0	0
3	468	68	0	0	0	0
4	503	69	0	0	0	0
5	502	69	0	0	0	0
6	518	70	0	0	0	0
7	681	70	0	0	0	0
8	510	68	0	0	0	0
9	565	69	0	0	0	0
10	472	71	0	0	0	0
11	500	71	0	0	0	0
12	504	71	0	0	0	0
13	519	71	0	0	0	0
14	694	71	0	0	0	0
15	511	70	0	0	0	0
0	563	70	0	0	0	0
1	474	69	0	0	0	0
2	502	70	0	0	0	0
3	503	71	0	0	0	0
4	535	71	0	0	0	0
5	628	67	0	0	0	0
6	511	66	0	0	0	0
7	556	65	0	0	0	0
8	479	61	0	0	0	0
9	502	59	0	0	0	0
10	503	60	0	0	0	0
11	505	60	0	0	0	0
12	737	59	0	0	0	0
13	516	60	0	0	0	0
14	561	62	0	0	0	0
15	471	63	0	0	0	0
0	499	64	0	0	0	0
1	503	65	0	0	0	0
2	478	64	0	0	0	0
3	315	66	0	0	0	0
4	524	65	0	0	0	0
5	559	66	0	0	0	0
6	475	68	0	0	0	0
7	502	67	0	0	0	0
8	519	67	0	0	0	0
9	482	67	0	0	0	0
10	418	67	0	0	0	0
11	530	67	0	0	0	0
12	539	68	0	0	0	0
13	487	68	0	0	0	0
14	500	69	0	0	0	0
15	531	67	0	0	0	0
0	489	68	0	0	0	0
1	482	67	0	0	0	0
2	534	67	0	0	0	0
3	514	67	0	0	0	0
4	492	67	0	0	0	0
5	504	68	0	0	0	0
6	539	67	0	0	0	0
7	533	67	0	0	0	0
8	502	66	0	0	0	0
9	550	66	0	0	0	0
10	484	64	0	0	0	0
11	501	65	0	0	0	0
12	502	65	0	0	0	0
13	482	65	0	0	0	0
14	474	66	0	0	0	0
15	520	69	0	0	0	0
0	556	68	0	0	0	0
1	476	67	0	0	0	0
2	502	68	0	0	0	0
3	526	67	0	0	0	0
4	489	68	0	0	0	0
5	480	68	0	0	0	0
6	535	73	0	0	0	0
7	519	71	0	0	0	0
8	488	70	0	0	0	0
9	500	71	0	0	0	0
10	544	70	0	0	0	0
11	498	71	0	0	0	0
12	500	71	0	0	0	0
13	559	71	0	0	0	0
14	488	71	0	0	0	0
15	503	71	0	0	0	0
0	502	71	0	0	0	0
1	519	70	0	0	0	0
2	661	70	0	0	0	0
3	511	70	0	0	0	0
4	554	70	0	0	0	0
5	476	69	0	0	0	0
6	504	70	0	0	0	0
7	503	69	0	0	0	0
8	485	69	0	0	0	0
9	427	68	0	0	0	0
10	523	68	0	0	0	0
11	546	68	0	0	0	0
12	477	67	0	0	0	0
13	506	68	0	0	0	0
14	526	68	0	0	0	0
15	489	69	0	0	0	0
0	491	68	0	0	0	0
1	542	68	0	0	0	0
2	512	68	0	0	0	0
3	490	68	0	0	0	0
4	502	69	0	0	0	0
5	545	70	0	0	0	0
6	500	70	0	0	0	0
7	504	71	0	0	0	0
8	558	71	0	0	0	0
9	481	71	0	0	0	0
10	497	70	0	0	0	0
11	503	70	0	0	0	0
12	529	69	0	0	0	0
13	582	69	0	0	0	0
14	508	69	0	0	0	0
15	558	69	0	0	0	0
0	477	68	0	0	0	0
1	502	69	0	0	0	0
2	500	69	0	0	0	0
3	540	68	0	0	0	0
4	545	68	0	0	0	0
5	503	68	0	0	0	0
6	553	68	0	0	0	0
7	484	68	0	0	0	0
8	501	69	0	0	0	0
9	500	67	0	0	0	0
10	515	67	0	0	0	0
11	735	67	0	0	0	0
12	514	67	0	0	0	0
13	552	68	0	0	0	0
14	475	67	0	0	0	0
15	504	68	0	0	0	0
0	515	67	0	0	0	0
1	481	67	0	0	0	0
2	383	67	0	0	0	0
3	532	67	0	0	0	0
4	535	68	0	0	0	0
5	486	68	0	0	0	0
6	503	68	0	0	0	0
7	544	68	0	0	0	0
8	502	68	0	0	0	0
9	507	68	0	0	0	0
10	559	70	0	0	0	0
11	484	71	0	0	0	0
12	499	69	0	0	0	0
13	500	68	0	0	0	0
14	492	69	0	0	0	0
15	732	67	0	0	0	0
0	518	68	0	0	0	0
1	563	68	0	0	0	0
2	473	68	0	0	0	0
3	505	69	0	0	0	0
4	520	68	0	0	0	0
5	478	69	0	0	0	0
6	400	67	0	0	0	0
7	527	69	0	0	0	0
8	535	68	0	0	0	0
9	485	68	0	0	0	0
10	504	67	0	0	0	0
11	545	66	0	0	0	0
12	503	67	0	0	0	0
13	502	69	0	0	0	0
14	549	67	0	0	0	0
15	487	67	0	0	0	0
0	503	67	0	0	0	0
1	505	67	0	0	0	0
2	478	67	0	0	0	0
3	305	67	0	0	0	0
4	526	69	0	0	0	0
5	545	70	0	0	0	0
6	482	68	0	0	0	0
7	503	70	0	0	0	0
8	542	68	0	0	0	0
9	511	69	0	0	0	0
10	507	69	0	0	0	0
11	556	69	0	0	0	0
12	483	69	0	0	0	0
13	501	69	0	0	0	0
14	502	71	0	0	0	0
15	474	70	0	0	0	0
0	395	70	0	0	0	0
1	519	70	0	0	0	0
2	552	71	0	0	0	0
3	478	70	0	0	0	0
4	501	71	0	0	0	0
5	528	70	0	0	0	0
6	484	70	0	0	0	0
7	473	71	0	0	0	0
8	535	69	0	0	0	0
9	516	69	0	0	0	0
10	491	68	0	0	0	0
11	500	68	0	0	0	0
12	535	67	0	0	0	0
13	547	67	0	0	0	0
14	507	66	0	0	0	0
15	553	68	0	0	0	0
0	483	67	0	0	0	0
1	507	67	0	0	0	0
2	502	67	0	0	0	0
3	476	67	0	0	0	0
4	279	67	0	0	0	0
5	521	67	0	0	0	0
6	545	67	0	0	0	0
7	482	67	0	0	0	0
8	501	68	0	0	0	0
9	543	68	0	0	0	0
10	491	68	0	0	0	0
11	496	67	0	0	0	0
12	548	70	0	0	0	0
13	492	69	0	0	0	0
14	494	70	0	0	0	0
15	496	70	0	0	0	0
0	521	70	0	0	0	0
1	618	70	0	0	0	0
2	508	70	0	0	0	0
3	561	70	0	0	0	0
4	476	70	0	0	0	0
5	500	70	0	0	0	0
6	502	70	0	0	0	0
7	507	72	0	0	0	0
8	737	70	0	0	0	0
9	511	70	0	0	0	0
10	554	69	0	0	0	0
11	478	69	0	0	0	0
12	504	69	0	0	0	0
13	505	69	0	0	0	0
14	479	68	0	0	0	0
15	299	68	0	0	0	0
0	521	68	0	0	0	0
1	541	68	0	0	0	0
2	484	68	0	0	0	0
3	503	69	0	0	0	0
4	547	70	0	0	0	0
5	494	69	0	0	0	0
6	503	67	0	0	0	0
7	551	67	0	0	0	0
8	485	68	0	0	0	0
9	496	66	0	0	0	0
10	503	57	0	0	0	0
11	509	45	0	0	0	0
12	724	39	0	0	0	0
13	512	39	0	0	0	0
14	562	45	0	0	0	0
15	471	49	0	0	0	0
0	500	51	0	0	0	0
1	501	53	0	0	0	0
2	477	52	0	0	0	0
3	307	55	0	0	0	0
4	523	54	0	0	0	0
5	545	53	0	0	0	0
6	485	53	0	0	0	0
7	499	53	0	0	0	0
8	539	52	0	0	0	0
9	488	55	0	0	0	0
10	494	54	0	0	0	0
11	543	54	0	0	0	0
12	505	54	0	0	0	0
13	499	57	0	0	0	0
14	499	55	0	0	0	0
15	490	53	0	0	0	0
0	720	54	0	0	0	0
1	518	52	0	0	0	0
2	553	55	0	0	0	0
3	476	55	0	0	0	0
4	509	55	0	0	0	0
5	535	55	0	0	0	0
6	491	56	0	0	0	0
7	494	56	0	0	0	0
8	543	56	0	0	0	0
9	504	54	0	0	0	0
10	493	56	0	0	0	0
11	496	58	0	0	0	0
12	496	56	0	0	0	0
13	730	57	0	0	0	0
14	516	57	0	0	0	0
15	559	60	0	0	0	0
0	475	58	0	0	0	0
1	503	59	0	0	0	0
2	521	57	0	0	0	0
3	480	58	0	0	0	0
4	457	58	0	0	0	0
5	529	58	0	0	0	0
6	526	59	0	0	0	0
7	489	58	0	0	0	0
8	502	58	0	0	0	0
9	546	57	0	0	0	0
10	509	57	0	0	0	0
11	501	55	0	0	0	0
12	549	58	0	0	0	0
13	483	57	0	0	0	0
14	498	56	0	0	0	0
15	503	57	0	0	0	0
0	480	55	0	0	0	0
1	280	56	0	0	0	0
2	524	55	0	0	0	0
3	544	54	0	0	0	0
4	480	56	0	0	0	0
5	508	55	0	0	0	0
6	543	55	0	0	0	0
7	497	56	0	0	0	0
8	506	56	0	0	0	0
9	551	56	0	0	0	0
10	487	56	0	0	0	0
11	499	56	0	0	0	0
12	500	56	0	0	0	0
13	477	57	0	0	0	0
14	588	58	0	0	0	0
15	518	55	0	0	0	0
0	555	56	0	0	0	0
1	475	55	0	0	0	0
2	501	57	0	0	0	0
3	510	56	0	0	0	0
4	478	56	0	0	0	0
5	340	56	0	0	0	0
6	526	56	0	0	0	0
7	541	56	0	0	0	0
8	483	56	0	0	0	0
9	501	56	0	0	0	0
10	531	55	0	0	0	0
11	487	57	0	0	0	0
12	483	55	0	0	0	0
13	535	55	0	0	0	0
14	508	54	0	0	0	0
15	496	53	0	0	0	0
0	504	55	0	0	0	0
1	520	55	0	0	0	0
2	647	55	0	0	0	0
3	512	52	0	0	0	0
4	560	53	0	0	0	0
5	476	52	0	0	0	0
6	505	54	0	0	0	0
7	500	53	0	0	0	0
8	479	54	0	0	0	0
9	281	53	0	0	0	0
10	521	54	0	0	0	0
11	551	54	0	0	0	0
12	476	54	0	0	0	0
13	499	54	0	0	0	0
14	526	56	0	0	0	0
15	479	55	0	0	0	0
0	463	56	0	0	0	0
1	535	55	0	0	0	0
2	523	57	0	0	0	0
3	488	56	0	0	0	0
4	501	57	0	0	0	0
5	548	56	0	0	0	0
6	491	57	0	0	0	0
7	497	58	0	0	0	0
8	543	56	0	0	0	0
9	495	56	0	0	0	0
10	498	56	0	0	0	0
11	502	56	0	0	0	0
12	503	56	0	0	0	0
13	747	58	0	0	0	0
14	512	55	0	0	0	0
15	547	55	0	0	0	0
0	476	55	0	0	0	0
1	503	55	0	0	0	0
2	525	54	0	0	0	0
3	487	54	0	0	0	0
4	481	54	0	0	0	0
5	538	55	0	0	0	0
6	512	57	0	0	0	0
7	491	56	0	0	0	0
8	498	56	0	0	0	0
9	509	56	0	0	0	0
10	716	57	0	0	0	0
11	512	57	0	0	0	0
12	561	57	0	0	0	0
13	473	57	0	0	0	0
14	502	59	0	0	0	0
15	523	60	0	0	0	0
0	481	59	0	0	0	0
1	461	58	0	0	0	0
2	532	59	0	0	0	0
3	525	58	0	0	0	0
4	489	57	0	0	0	0
5	500	59	0	0	0	0
6	514	59	0	0	0	0
7	696	56	0	0	0	0
8	509	57	0	0	0	0
9	557	56	0	0	0	0
10	477	56	0	0	0	0
11	505	58	0	0	0	0
12	516	57	0	0	0	0
13	484	55	0	0	0	0
14	474	55	0	0	0	0
15	532	53	0	0	0	0
0	513	53	0	0	0	0
1	493	54	0	0	0	0
2	502	54	0	0	0	0
3	491	55	0	0	0	0
4	729	56	0	0	0	0
5	516	55	0	0	0	0
6	558	56	0	0	0	0
7	478	56	0	0	0	0
8	504	56	0	0	0	0
9	526	56	0	0	0	0
10	480	57	0	0	0	0
11	476	57	0	0	0	0
12	534	57	0	0	0	0
13	518	58	0	0	0	0
14	491	61	0	0	0	0
15	505	57	0	0	0	0
0	532	57	0	0	0	0
1	558	57	0	0	0	0
2	505	57	0	0	0	0
3	555	60	0	0	0	0
4	477	57	0	0	0	0
5	503	57	0	0	0	0
6	504	56	0	0	0	0
7	482	56	0	0	0	0
8	522	58	0	0	0	0
9	515	56	0	0	0	0
10	548	55	0	0	0	0
11	478	55	0	0	0	0
12	500	54	0	0	0	0
13	524	54	0	0	0	0
14	488	54	0	0	0	0
15	472	54	0	0	0	0
0	532	54	0	0	0	0
1	518	53	0	0	0	0
2	492	54	0	0	0	0
3	501	54	0	0	0	0
4	542	53	0	0	0	0
5	519	53	0	0	0	0
6	507	53	0	0	0	0
7	554	54	0	0	0	0
8	478	53	0	0	0	0
9	499	53	0	0	0	0
10	500	53	0	0	0	0
11	508	51	0	0	0	0
12	723	51	0	0	0	0
13	513	51	0	0	0	0
14	566	53	0	0	0	0
15	476	53	0	0	0	0
0	502	54	0	0	0	0
1	500	56	0	0	0	0
2	500	54	0	0	0	0
3	759	55	0	0	0	0
4	512	54	0	0	0	0
5	557	54	0	0	0	0
6	473	54	0	0	0	0
7	503	53	0	0	0	0
8	503	52	0	0	0	0
9	480	53	0	0	0	0
10	281	50	0	0	0	0
11	523	50	0	0	0	0
12	544	49	0	0	0	0
13	480	48	0	0	0	0
14	503	50	0	0	0	0
15	546	48	0	0	0	0
0	492	48	0	0	0	0
1	495	47	0	0	0	0
2	538	48	0	0	0	0
3	497	47	0	0	0	0
4	499	48	0	0	0	0
5	507	47	0	0	0	0
6	479	47	0	0	0	0
7	443	47	0	0	0	0
8	520	47	0	0	0	0
9	553	48	0	0	0	0
10	478	48	0	0	0	0
11	502	49	0	0	0	0
12	550	48	0	0	0	0
13	492	49	0	0	0	0
14	500	48	0	0	0	0
15	550	48	0	0	0	0
0	487	48	0	0	0	0
1	494	48	0	0	0	0
2	500	49	0	0	0	0
3	475	48	0	0	0	0
4	393	49	0	0	0	0
5	520	49	0	0	0	0
6	554	49	0	0	0	0
7	479	48	0	0	0	0
8	503	49	0	0	0	0
9	528	49	0	0	0	0
10	486	49	0	0	0	0
11	481	52	0	0	0	0
12	533	52	0	0	0	0
13	515	51	0	0	0	0
14	495	50	0	0	0	0
15	500	50	0	0	0	0
0	509	48	0	0	0	0
1	736	49	0	0	0	0
2	510	47	0	0	0	0
3	552	48	0	0	0	0
4	480	50	0	0	0	0
5	503	50	0	0	0	0
6	522	50	0	0	0	0
7	484	47	0	0	0	0
8	472	41	0	0	0	0
9	534	39	0	0	0	0
10	513	36	0	0	0	0
11	496	33	0	0	0	0
12	505	31	0	0	0	0
13	495	41	0	0	0	0
14	727	46	0	0	0	0
15	514	46	0	0	0	0
0	560	48	0	0	0	0
1	475	47	0	0	0	0
2	504	47	0	0	0	0
3	524	49	0	0	0	0
4	482	50	0	0	0	0
5	483	46	0	0	0	0
6	536	47	0	0	0	0
7	511	47	0	0	0	0
8	493	47	0	0	0	0
9	501	47	0	0	0	0
10	520	48	0	0	0	0
11	679	48	0	0	0	0
12	508	48	0	0	0	0
13	555	48	0	0	0	0
14	479	48	0	0	0	0
15	502	48	0	0	0	0
0	504	47	0	0	0	0
1	479	47	0	0	0	0
2	281	46	0	0	0	0
3	520	46	0	0	0	0
4	544	47	0	0	0	0
5	483	46	0	0	0	0
6	505	50	0	0	0	0
7	545	49	0	0	0	0
8	493	49	0	0	0	0
9	500	48	0	0	0	0
10	551	50	0	0	0	0
11	487	49	0	0	0	0
12	501	51	0	0	0	0
13	504	52	0	0	0	0
14	479	51	0	0	0	0
15	513	51	0	0	0	0
0	518	50	0	0	0	0
1	552	51	0	0	0	0
2	479	50	0	0	0	0
3	502	50	0	0	0	0
4	530	50	0	0	0	0
5	484	50	0	0	0	0
6	482	51	0	0	0	0
7	538	52	0	0	0	0
8	509	52	0	0	0	0
9	496	54	0	0	0	0
10	503	58	0	0	0	0
11	543	56	0	0	0	0
12	512	54	0	0	0	0
13	499	57	0	0	0	0
14	548	56	0	0	0	0
15	484	56	0	0	0	0
0	503	51	0	0	0	0
1	502	45	0	0	0	0
2	496	45	0	0	0	0
3	745	44	0	0	0	0
4	513	44	0	0	0	0
5	556	44	0	0	0	0
6	474	48	0	0	0	0
7	504	45	0	0	0	0
8	515	46	0	0	0	0
9	476	46	0	0	0	0
10	381	47	0	0	0	0
11	524	48	0	0	0	0
12	538	47	0	0	0	0
13	483	47	0	0	0	0
14	499	48	0	0	0	0
15	547	47	0	0	0	0
0	491	46	0	0	0	0
1	488	47	0	0	0	0
2	541	43	0	0	0	0
3	496	44	0	0	0	0
4	499	45	0	0	0	0
5	504	45	0	0	0	0
6	494	46	0	0	0	0
7	744	47	0	0	0	0
8	517	42	0	0	0	0
9	551	43	0	0	0	0
10	477	43	0	0	0	0
11	504	43	0	0	0	0
12	528	43	0	0	0	0
13	487	42	0	0	0	0
14	488	42	0	0	0	0
15	538	45	0	0	0	0
0	504	45	0	0	0	0
1	496	45	0	0	0	0
2	502	44	0	0	0	0
3	493	44	0	0	0	0
4	742	45	0	0	0	0
5	513	46	0	0	0	0
6	557	50	0	0	0	0
7	477	48	0	0	0	0
8	503	51	0	0	0	0
9	519	48	0	0	0	0
10	476	41	0	0	0	0
11	410	23	0	0	0	0
12	527	18	0	0	0	0
13	536	17	0	0	0	0
14	487	17	0	0	0	0
15	499	17	0	0	0	0
0	544	16	0	0	0	0
1	499	16	0	0	0	0
2	498	16	0	0	0	0
3	548	19	0	0	0	0
4	487	22	0	0	0	0
5	503	34	0	0	0	0
6	501	36	0	0	0	0
7	483	39	0	0	0	0
8	482	44	0	0	0	0
9	516	46	0	0	0	0
10	549	43	0	0	0	0
11	478	40	0	0	0	0
12	508	42	0	0	0	0
13	543	50	0	0	0	0
14	499	42	0	0	0	0
15	503	34	0	0	0	0
0	554	35	0	0	0	0
1	484	45	0	0	0	0
2	497	53	0	0	0	0
3	502	55	0	0	0	0
4	471	50	0	0	0	0
5	274	39	0	0	0	0
6	523	41	0	0	0	0
7	550	51	0	0	0	0
8	477	63	0	0	0	0
9	506	71	0	0	0	0
10	550	64	0	0	0	0
11	491	52	0	0	0	0
12	495	44	0	0	0	0
13	547	48	0	0	0	0
14	498	41	0	0	0	0
15	496	38	0	0	0	0
0	499	61	0	0	0	0
1	519	74	0	0	0	0
2	656	76	0	0	0	0
3	504	71	0	0	0	0
4	554	60	0	0	0	0
5	480	59	0	0	0	0
6	508	64	0	0	0	0
7	504	65	0	0	0	0
8	478	63	0	0	0	0
9	283	61	0	0	0	0
10	522	62	0	0	0	0
11	538	64	0	0	0	0
12	484	67	0	0	0	0
13	501	68	0	0	0	0
14	545	67	0	0	0	0
15	498	67	0	0	0	0
0	504	62	0	0	0	0
1	553	59	0	0	0	0
2	486	64	0	0	0	0
3	500	60	0	0	0	0
4	498	63	0	0	0	0
5	489	63	0	0	0	0
6	716	51	0	0	0	0
7	515	49	0	0	0	0
8	557	64	0	0	0	0
9	476	71	0	0	0	0
10	505	74	0	0	0	0
11	526	70	0	0	0	0
12	476	53	0	0	0	0
13	461	47	0	0	0	0
14	528	55	0	0	0	0
15	525	68	0	0	0	0
0	491	73	0	0	0	0
1	499	66	0	0	0	0
2	536	47	0	0	0	0
3	529	21	0	0	0	0
4	506	18	0	0	0	0
5	549	18	0	0	0	0
6	481	26	0	0	0	0
7	502	48	0	0	0	0
8	511	53	0	0	0	0
9	478	69	0	0	0	0
10	348	81	0	0	0	0
11	529	79	0	0	0	0
12	538	74	0	0	0	0
13	489	75	0	0	0	0
14	506	80	0	0	0	0
15	505	87	0	0	0	0
0	727	90	0	0	0	0
1	519	90	0	0	0	0
2	563	84	0	0	0	0
3	476	82	0	0	0	0
4	506	87	0	0	0	0
5	540	89	0	0	0	0
6	487	96	0	0	0	0
7	493	99	0	0	0	0
8	545	99	0	0	0	0
9	496	88	0	0	0	0
10	497	80	0	0	0	0
11	502	79	0	0	0	0
12	476	86	0	0	0	0
13	267	90	0	0	0	0
14	520	95	0	0	0	0
15	547	98	0	0	0	0
0	484	96	0	0	0	0
1	503	94	0	0	0	0
2	535	88	0	0	0	0
3	538	95	0	0	0	0
4	502	99	0	0	0	0
5	551	99	0	0	0	0
6	479	98	0	0	0	0
7	501	97	0	0	0	0
8	516	96	0	0	0	0
9	476	97	0	0	0	0
10	407	98	0	0	0	0
11	529	98	0	0	0	0
12	527	97	0	0	0	0
13	491	96	0	0	0	0
14	504	97	0	0	0	0
15	491	97	0	0	0	0
0	720	96	0	0	0	0
1	516	96	0	0	0	0
2	553	97	0	0	0	0
3	480	97	0	0	0	0
4	502	97	0	0	0	0
5	536	97	0	0	0	0
6	487	95	0	0	0	0
7	491	92	0	0	0	0
8	546	75	0	0	0	0
9	500	49	0	0	0	0
10	498	48	0	0	0	0
11	497	53	0	0	0	0
12	481	51	0	0	0	0
13	583	53	0	0	0	0
14	515	62	0	0	0	0
15	553	67	0	0	0	0
0	475	71	0	0	0	0
1	502	79	0	0	0	0
2	526	82	0	0	0	0
3	482	78	0	0	0	0
4	471	69	0	0	0	0
5	532	70	0	0	0	0
6	519	77	0	0	0	0
7	496	76	0	0	0	0
8	499	75	0	0	0	0
9	518	77	0	0	0	0
10	714	76	0	0	0	0
11	511	78	0	0	0	0
12	553	72	0	0	0	0
13	478	72	0	0	0	0
14	507	74	0	0	0	0
15	529	74	0	0	0	0
0	484	74	0	0	0	0
1	489	77	0	0	0	0
2	540	76	0	0	0	0
3	508	77	0	0	0	0
4	495	77	0	0	0	0
5	501	78	0	0	0	0
6	481	78	0	0	0	0
7	480	80	0	0	0	0
8	520	82	0	0	0	0
9	556	82	0	0	0	0
10	475	83	0	0	0	0
11	502	83	0	0	0	0
12	531	82	0	0	0	0
13	486	82	0	0	0	0
14	494	83	0	0	0	0
15	541	83	0	0	0	0
0	504	83	0	0	0	0
1	492	83	0	0	0	0
2	499	84	0	0	0	0
3	507	84	0	0	0	0
4	724	85	0	0	0	0
5	510	85	0	0	0	0
6	557	85	0	0	0	0
7	476	85	0	0	0	0
8	505	85	0	0	0	0
9	521	84	0	0	0	0
10	475	84	0	0	0	0
11	428	84	0	0	0	0
12	528	86	0	0	0	0
13	527	85	0	0	0	0
14	491	83	0	0	0	0
15	504	84	0	0	0	0
0	515	83	0	0	0	0
1	690	84	0	0	0	0
2	510	82	0	0	0	0
3	555	83	0	0	0	0
4	480	83	0	0	0	0
5	505	83	0	0	0	0
6	521	83	0	0	0	0
7	480	83	0	0	0	0
8	463	84	0	0	0	0
9	532	84	0	0	0	0
10	520	84	0	0	0	0
11	487	83	0	0	0	0
12	499	83	0	0	0	0
13	514	83	0	0	0	0
14	682	83	0	0	0	0
15	510	83	0	0	0	0
0	560	82	0	0	0	0
1	475	83	0	0	0	0
2	499	84	0	0	0	0
3	504	84	0	0	0	0
4	476	83	0	0	0	0
5	326	83	0	0	0	0
6	521	83	0	0	0	0
7	536	84	0	0	0	0
8	485	82	0	0	0	0
9	502	83	0	0	0	0
10	547	83	0	0	0	0
11	492	82	0	0	0	0
12	494	81	0	0	0	0
13	542	82	0	0	0	0
14	494	82	0	0	0	0
15	497	82	0	0	0	0
0	499	82	0	0	0	0
1	487	81	0	0	0	0
2	682	81	0	0	0	0
3	518	80	0	0	0	0
4	553	81	0	0	0	0
5	475	80	0	0	0	0
6	502	83	0	0	0	0
7	525	83	0	0	0	0
8	486	84	0	0	0	0
9	484	84	0	0	0	0
10	536	83	0	0	0	0
11	508	81	0	0	0	0
12	490	79	0	0	0	0
13	498	78	0	0	0	0
14	511	79	0	0	0	0
15	704	79	0	0	0	0
0	511	79	0	0	0	0
1	559	79	0	0	0	0
2	477	78	0	0	0	0
3	504	77	0	0	0	0
4	503	79	0	0	0	0
5	474	80	0	0	0	0
6	291	77	0	0	0	0
7	516	72	0	0	0	0
8	548	73	0	0	0	0
9	486	53	0	0	0	0
10	502	38	0	0	0	0
11	523	19	0	0	0	0
12	478	31	0	0	0	0
13	433	34	0	0	0	0
14	527	34	0	0	0	0
15	521	34	0	0	0	0
0	487	28	0	0	0	0
1	503	39	0	0	0	0
2	537	41	0	0	0	0
3	538	35	0	0	0	0
4	508	39	0	0	0	0
5	555	46	0	0	0	0
6	479	52	0	0	0	0
7	503	63	0	0	0	0
8	515	75	0	0	0	0
9	478	82	0	0	0	0
10	379	88	0	0	0	0
11	529	91	0	0	0	0
12	537	92	0	0	0	0
13	484	89	0	0	0	0
14	500	89	0	0	0	0
15	526	89	0	0	0	0
0	611	90	0	0	0	0
1	507	90	0	0	0	0
2	561	91	0	0	0	0
3	479	91	0	0	0	0
4	502	91	0	0	0	0
5	504	91	0	0	0	0
6	473	92	0	0	0	0
7	294	93	0	0	0	0
8	521	93	0	0	0	0
9	544	93	0	0	0	0
10	486	93	0	0	0	0
11	503	93	0	0	0	0
12	548	92	0	0	0	0
13	492	92	0	0	0	0
14	495	92	0	0	0	0
15	540	93	0	0	0	0
0	494	92	0	0	0	0
1	497	91	0	0	0	0
2	503	89	0	0	0	0
3	480	90	0	0	0	0
4	436	89	0	0	0	0
5	516	89	0	0	0	0
6	549	89	0	0	0	0
7	481	89	0	0	0	0
8	507	88	0	0	0	0
9	542	88	0	0	0	0
10	500	85	0	0	0	0
11	499	86	0	0	0	0
12	553	86	0	0	0	0
13	486	87	0	0	0	0
14	500	87	0	0	0	0
15	498	86	0	0	0	0
0	477	87	0	0	0	0
1	276	85	0	0	0	0
2	520	86	0	0	0	0
3	555	88	0	0	0	0
4	478	86	0	0	0	0
5	500	86	0	0	0	0
6	548	87	0	0	0	0
7	490	86	0	0	0	0
8	490	86	0	0	0	0
9	545	88	0	0	0	0
10	497	88	0	0	0	0
11	498	87	0	0	0	0
12	500	87	0	0	0	0
13	492	88	0	0	0	0
14	740	88	0	0	0	0
15	515	87	0	0	0	0
0	547	87	0	0	0	0
1	480	86	0	0	0	0
2	510	87	0	0	0	0
3	524	86	0	0	0	0
4	489	87	0	0	0	0
5	477	88	0	0	0	0
6	533	89	0	0	0	0
7	513	88	0	0	0	0
8	498	88	0	0	0	0
9	504	89	0	0	0	0
10	479	88	0	0	0	0
11	428	89	0	0	0	0
12	519	88	0	0	0	0
13	551	90	0	0	0	0
14	479	90	0	0	0	0
15	503	89	0	0	0	0
0	542	88	0	0	0	0
1	509	91	0	0	0	0
2	499	90	0	0	0	0
3	557	89	0	0	0	0
4	482	90	0	0	0	0
5	501	89	0	0	0	0
6	503	92	0	0	0	0
7	472	90	0	0	0	0
8	332	89	0	0	0	0
9	524	90	0	0	0	0
10	542	91	0	0	0	0
11	488	90	0	0	0	0
12	506	92	0	0	0	0
13	544	89	0	0	0	0
14	504	89	0	0	0	0
15	504	86	0	0	0	0
0	547	84	0	0	0	0
1	481	68	0	0	0	0
2	504	74	0	0	0	0
3	505	70	0	0	0	0
4	479	69	0	0	0	0
5	292	71	0	0	0	0
6	526	75	0	0	0	0
7	537	76	0	0	0	0
8	487	70	0	0	0	0
9	502	72	0	0	0	0
10	516	75	0	0	0	0
11	697	74	0	0	0	0
12	513	75	0	0	0	0
13	560	77	0	0	0	0
14	479	77	0	0	0	0
15	507	77	0	0	0	0
0	531	78	0	0	0	0
1	487	79	0	0	0	0
2	492	80	0	0	0	0
3	543	76	0	0	0	0
4	499	79	0	0	0	0
5	495	81	0	0	0	0
6	501	79	0	0	0	0
7	478	80	0	0	0	0
8	336	80	0	0	0	0
9	525	80	0	0	0	0
10	551	81	0	0	0	0
11	477	81	0	0	0	0
12	506	80	0	0	0	0
13	527	81	0	0	0	0
14	489	80	0	0	0	0
15	485	79	0	0	0	0
0	537	79	0	0	0	0
1	513	78	0	0	0	0
2	493	76	0	0	0	0
3	498	79	0	0	0	0
4	547	79	0	0	0	0
5	489	77	0	0	0	0
6	497	79	0	0	0	0
7	545	80	0	0	0	0
8	496	83	0	0	0	0
9	499	86	0	0	0	0
10	498	88	0	0	0	0
11	519	87	0	0	0	0
12	677	87	0	0	0	0
13	512	87	0	0	0	0
14	552	87	0	0	0	0
15	479	86	0	0	0	0
0	504	86	0	0	0	0
1	509	87	0	0	0	0
2	483	85	0	0	0	0
3	342	84	0	0	0	0
4	530	83	0	0	0	0
5	534	83	0	0	0	0
6	486	83	0	0	0	0
7	504	82	0	0	0	0
8	521	83	0	0	0	0
9	664	83	0	0	0	0
10	512	81	0	0	0	0
11	561	82	0	0	0	0
12	471	82	0	0	0	0
13	504	82	0	0	0	0
14	520	82	0	0	0	0
15	478	81	0	0	0	0
0	466	82	0	0	0	0
1	532	82	0	0	0	0
2	526	82	0	0	0	0
3	486	81	0	0	0	0
4	500	83	0	0	0	0
5	519	84	0	0	0	0
6	635	84	0	0	0	0
7	508	84	0	0	0	0
8	559	85	0	0	0	0
9	473	84	0	0	0	0
10	499	84	0	0	0	0
11	520	84	0	0	0	0
12	483	83	0	0	0	0
13	451	84	0	0	0	0
14	531	83	0	0	0	0
15	522	84	0	0	0	0
0	493	84	0	0	0	0
1	501	84	0	0	0	0
2	479	84	0	0	0	0
3	415	83	0	0	0	0
4	520	84	0	0	0	0
5	548	84	0	0	0	0
6	482	84	0	0	0	0
7	505	84	0	0	0	0
8	511	85	0	0	0	0
9	728	84	0	0	0	0
10	513	83	0	0	0	0
11	556	83	0	0	0	0
12	473	84	0	0	0	0
13	507	84	0	0	0	0
14	524	85	0	0	0	0
15	628	85	0	0	0	0
0	512	85	0	0	0	0
1	561	85	0	0	0	0
2	476	85	0	0	0	0
3	505	85	0	0	0	0
4	517	85	0	0	0	0
5	646	86	0	0	0	0
6	507	86	0	0	0	0
7	559	85	0	0	0	0
8	475	86	0	0	0	0
9	504	86	0	0	0	0
10	507	86	0	0	0	0
11	734	86	0	0	0	0
12	508	87	0	0	0	0
13	554	86	0	0	0	0
14	484	87	0	0	0	0
15	503	86	0	0	0	0
0	518	86	0	0	0	0
1	679	87	0	0	0	0
2	507	87	0	0	0	0
3	551	86	0	0	0	0
4	480	86	0	0	0	0
5	503	86	0	0	0	0
6	547	86	0	0	0	0
7	490	85	0	0	0	0
8	498	85	0	0	0	0
9	542	84	0	0	0	0
10	487	83	0	0	0	0
11	504	83	0	0	0	0
12	519	83	0	0	0	0
13	484	83	0	0	0	0
14	483	83	0	0	0	0
15	536	83	0	0	0	0
0	509	83	0	0	0	0
1	502	83	0	0	0	0
2	506	83	0	0	0	0
3	473	83	0	0	0	0
4	381	84	0	0	0	0
5	533	83	0	0	0	0
6	535	84	0	0	0	0
7	492	86	0	0	0	0
8	507	86	0	0	0	0
9	489	87	0	0	0	0
10	682	89	0	0	0	0
11	517	88	0	0	0	0
12	550	88	0	0	0	0
13	476	89	0	0	0	0
14	502	89	0	0	0	0
15	538	92	0	0	0	0
0	488	91	0	0	0	0
1	494	91	0	0	0	0
2	547	88	0	0	0	0
3	499	90	0	0	0	0
4	498	91	0	0	0	0
5	498	92	0	0	0	0
6	513	92	0	0	0	0
7	742	92	0	0	0	0
8	510	90	0	0	0	0
9	553	90	0	0	0	0
10	478	92	0	0	0	0
11	503	91	0	0	0	0
12	503	91	0	0	0	0
13	476	91	0	0	0	0
14	303	91	0	0	0	0
15	520	90	0	0	0	0
0	537	91	0	0	0	0
1	488	91	0	0	0	0
2	504	92	0	0	0	0
3	538	91	0	0	0	0
4	562	92	0	0	0	0
5	509	93	0	0	0	0
6	554	93	0	0	0	0
7	481	94	0	0	0	0
8	505	94	0	0	0	0
9	523	95	0	0	0	0
10	483	95	0	0	0	0
11	481	96	0	0	0	0
12	538	93	0	0	0	0
13	507	93	0	0	0	0
14	494	95	0	0	0	0
15	496	94	0	0	0	0
0	479	96	0	0	0	0
1	364	95	0	0	0	0
2	521	96	0	0	0	0
3	553	95	0	0	0	0
4	481	94	0	0	0	0
5	500	95	0	0	0	0
6	547	96	0	0	0	0
7	493	95	0	0	0	0
8	501	92	0	0	0	0
9	557	80	0	0	0	0
10	481	55	0	0	0	0
11	502	41	0	0	0	0
12	503	39	0	0	0	0
13	482	45	0	0	0	0
14	294	44	0	0	0	0
15	522	41	0	0	0	0
0	542	44	0	0	0	0
1	481	47	0	0	0	0
2	507	51	0	0	0	0
3	535	56	0	0	0	0
4	562	57	0	0	0	0
5	515	58	0	0	0	0
6	553	58	0	0	0	0
7	476	56	0	0	0	0
8	504	55	0	0	0	0
9	519	54	0	0	0	0
10	481	53	0	0	0	0
11	445	50	0	0	0	0
12	532	54	0	0	0	0
13	519	59	0	0	0	0
14	487	56	0	0	0	0
15	505	51	0	0	0	0
0	526	51	0	0	0	0
1	579	51	0	0	0	0
2	512	52	0	0	0	0
3	560	52	0	0	0	0
4	475	51	0	0	0	0
5	504	51	0	0	0	0
6	502	53	0	0	0	0
7	502	54	0	0	0	0
8	731	54	0	0	0	0
9	512	53	0	0	0	0
10	558	54	0	0	0	0
11	470	54	0	0	0	0
12	504	54	0	0	0	0
13	506	55	0	0	0	0
14	505	53	0	0	0	0
15	745	56	0	0	0	0
0	513	56	0	0	0	0
1	558	57	0	0	0	0
2	476	58	0	0	0	0
3	504	58	0	0	0	0
4	505	59	0	0	0	0
5	506	56	0	0	0	0
6	753	57	0	0	0	0
7	511	55	0	0	0	0
8	553	56	0	0	0	0
9	474	55	0	0	0	0
10	504	55	0	0	0	0
11	510	55	0	0	0	0
12	477	55	0	0	0	0
13	315	55	0	0	0	0
14	524	55	0	0	0	0
15	539	56	0	0	0	0
0	488	56	0	0	0	0
1	505	57	0	0	0	0
2	551	56	0	0	0	0
3	492	57	0	0	0	0
4	498	56	0	0	0	0
5	548	57	0	0	0	0
6	483	58	0	0	0	0
7	500	59	0	0	0	0
8	501	56	0	0	0	0
9	491	58	0	0	0	0
10	715	71	0	0	0	0
11	520	87	0	0	0	0
12	559	89	0	0	0	0
13	474	86	0	0	0	0
14	502	85	0	0	0	0
15	527	88	0	0	0	0
0	487	90	0	0	0	0
1	482	90	0	0	0	0
2	535	88	0	0	0	0
3	511	88	0	0	0	0
4	496	90	0	0	0	0
5	502	92	0	0	0	0
6	499	93	0	0	0	0
7	759	92	0	0	0	0
8	512	91	0	0	0	0
9	551	92	0	0	0	0
10	479	92	0	0	0	0
11	506	92	0	0	0	0
12	544	93	0	0	0	0
13	492	92	0	0	0	0
14	494	92	0	0	0	0
15	541	93	0	0	0	0
0	496	93	0	0	0	0
1	500	95	0	0	0	0
2	510	95	0	0	0	0
3	477	94	0	0	0	0
4	335	95	0	0	0	0
5	525	96	0	0	0	0
6	535	97	0	0	0	0
7	490	96	0	0	0	0
8	505	96	0	0	0	0
9	508	96	0	0	0	0
10	728	97	0	0	0	0
11	512	96	0	0	0	0
12	559	97	0	0	0	0
13	475	97	0	0	0	0
14	503	96	0	0	0	0
15	526	97	0	0	0	0
0	485	97	0	0	0	0
1	482	97	0	0	0	0
2	536	97	0	0	0	0
3	509	96	0	0	0	0
4	491	97	0	0	0	0
5	499	97	0	0	0	0
6	513	97	0	0	0	0
7	720	98	0	0	0	0
8	508	97	0	0	0	0
9	557	98	0	0	0	0
10	480	99	0	0	0	0
11	508	98	0	0	0	0
12	501	99	0	0	0	0
13	481	97	0	0	0	0
14	341	96	0	0	0	0
15	518	97	0	0	0	0
0	540	97	0	0	0	0
1	480	97	0	0	0	0
2	507	98	0	0	0	0
3	531	96	0	0	0	0
4	490	97	0	0	0	0
5	490	97	0	0	0	0
6	536	97	0	0	0	0
7	502	98	0	0	0	0
8	504	97	0	0	0	0
9	504	97	0	0	0	0
10	513	97	0	0	0	0
11	716	98	0	0	0	0
12	511	98	0	0	0	0
13	554	99	0	0	0	0
14	471	97	0	0	0	0
15	500	98	0	0	0	0
0	502	98	0	0	0	0
1	477	98	0	0	0	0
2	281	98	0	0	0	0
3	520	97	0	0	0	0
4	544	97	0	0	0	0
5	482	99	0	0	0	0
6	508	98	0	0	0	0
7	528	98	0	0	0	0
8	482	97	0	0	0	0
9	449	98	0	0	0	0
10	528	99	0	0	0	0
11	523	98	0	0	0	0
12	491	99	0	0	0	0
13	505	99	0	0	0	0
14	528	98	0	0	0	0
15	487	98	0	0	0	0
0	478	97	0	0	0	0
1	535	98	0	0	0	0
2	507	97	0	0	0	0
3	494	97	0	0	0	0
4	501	98	0	0	0	0
5	527	96	0	0	0	0
6	604	97	0	0	0	0
7	507	97	0	0	0	0
8	555	97	0	0	0	0
9	477	98	0	0	0	0
10	504	98	0	0	0	0
11	503	98	0	0	0	0
12	482	98	0	0	0	0
13	280	97	0	0	0	0
14	522	98	0	0	0	0
15	547	98	0	0	0	0
0	481	98	0	0	0	0
1	504	98	0	0	0	0
2	539	98	0	0	0	0
3	491	98	0	0	0	0
4	487	99	0	0	0	0
5	542	99	0	0	0	0
6	499	99	0	0	0	0
7	494	99	0	0	0	0
8	501	98	0	0	0	0
9	505	98	0	0	0	0
10	750	97	0	0	0	0
11	510	98	0	0	0	0
12	557	98	0	0	0	0
13	479	97	0	0	0	0
14	504	97	0	0	0	0
15	510	98	0	0	0	0

