0	601	4	0	0	0	0
1	594	4	0	0	0	0
2	586	4	0	0	0	0
3	582	4	0	0	0	0
4	568	4	0	0	0	0
5	558	4	0	0	0	0
6	441	3	0	0	0	0
7	411	4	0	0	0	0
8	196	3	0	0	0	0
9	114	3	0	0	0	0
10	37	2	0	0	0	0
11	152	2	0	0	0	0
12	108	2	0	0	0	0
13	73	2	0	0	0	0
14	69	3	0	0	0	0
15	0	2	0	0	0	0
0	115	3	0	0	0	0
1	48	4	0	0	0	0
2	0	7	0	0	0	0
3	0	12	0	0	0	0
4	0	18	0	0	0	0
5	0	17	0	0	0	0
6	0	19	0	0	0	0
7	242	21	0	0	0	0
8	0	28	0	0	0	0
9	0	35	0	0	0	0
10	0	39	0	0	0	0
11	0	40	0	0	0	0
12	24	63	0	0	0	0
13	577	120	0	0	0	0
14	17	125	0	0	0	0
15	0	136	0	0	0	0
0	0	133	0	0	0	0
1	468	131	0	0	0	0
2	0	132	0	0	0	0
3	0	133	0	0	0	0
4	156	134	0	0	0	0
5	618	134	0	0	0	0
6	403	135	0	0	0	0
7	337	134	0	0	0	0
8	404	134	0	0	0	0
9	422	134	0	0	0	0
10	419	135	0	0	0	0
11	422	135	0	0	0	0
12	429	135	0	0	0	0
13	419	135	0	0	0	0
14	412	135	0	0	0	0
15	413	135	0	0	0	0
0	408	135	0	0	0	0
1	411	135	0	0	0	0
2	407	135	0	0	0	0
3	410	135	0	0	0	0
4	408	135	0	0	0	0
5	390	135	0	0	0	0
6	370	135	0	0	0	0
7	391	135	0	0	0	0
8	378	135	0	0	0	0
9	341	135	0	0	0	0
10	305	135	0	0	0	0
11	322	135	0	0	0	0
12	327	135	0	0	0	0
13	316	135	0	0	0	0
14	324	135	0	0	0	0
15	321	135	0	0	0	0
0	329	135	0	0	0	0
1	327	135	0	0	0	0
2	333	135	0	0	0	0
3	327	135	0	0	0	0
4	328	135	0	0	0	0
5	315	135	0	0	0	0
6	320	135	0	0	0	0
7	319	135	0	0	0	0
8	318	135	0	0	0	0
9	319	135	0	0	0	0
10	316	135	0	0	0	0
11	312	135	0	0	0	0
12	309	135	0	0	0	0
13	302	135	0	0	0	0
14	299	135	0	0	0	0
15	295	135	0	0	0	0
0	293	135	0	0	0	0
1	288	135	0	0	0	0
2	287	135	0	0	0	0
3	284	135	0	0	0	0
4	276	135	0	0	0	0
5	279	135	0	0	0	0
6	275	135	0	0	0	0
7	275	134	0	0	0	0
8	273	135	0	0	0	0
9	268	134	0	0	0	0
10	265	135	0	0	0	0
11	266	134	0	0	0	0
12	263	134	0	0	0	0
13	262	134	0	0	0	0
14	256	134	0	0	0	0
15	259	134	0	0	0	0
0	254	134	0	0	0	0
1	254	134	0	0	0	0
2	250	134	0	0	0	0
3	253	134	0	0	0	0
4	251	134	0	0	0	0
5	257	135	0	0	0	0
6	252	134	0	0	0	0
7	255	135	0	0	0	0
8	253	135	0	0	0	0
9	249	135	0	0	0	0
10	249	134	0	0	0	0
11	250	135	0	0	0	0
12	261	134	0	0	0	0
13	319	135	0	0	0	0
14	141	135	0	0	0	0
15	172	134	0	0	0	0
0	387	135	0	0	0	0
1	186	134	0	0	0	0
2	304	135	0	0	0	0
3	362	135	0	0	0	0
4	378	135	0	0	0	0
5	380	135	0	0	0	0
6	388	135	0	0	0	0
7	396	135	0	0	0	0
8	395	135	0	0	0	0
9	399	135	0	0	0	0
10	404	135	0	0	0	0
11	411	135	0	0	0	0
12	420	135	0	0	0	0
13	421	135	0	0	0	0
14	423	135	0	0	0	0
15	428	135	0	0	0	0
0	426	134	0	0	0	0
1	394	135	0	0	0	0
2	368	135	0	0	0	0
3	377	134	0	0	0	0
4	386	135	0	0	0	0
5	402	134	0	0	0	0
6	425	135	0	0	0	0
7	435	134	0	0	0	0
8	440	135	0	0	0	0
9	441	134	0	0	0	0
10	444	135	0	0	0	0
11	450	134	0	0	0	0
12	448	135	0	0	0	0
13	439	134	0	0	0	0
14	440	135	0	0	0	0
15	413	134	0	0	0	0
0	292	134	0	0	0	0
1	338	134	0	0	0	0
2	209	134	0	0	0	0
3	204	134	0	0	0	0
4	215	134	0	0	0	0
5	256	134	0	0	0	0
6	263	134	0	0	0	0
7	277	134	0	0	0	0
8	275	134	0	0	0	0
9	261	134	0	0	0	0
10	258	134	0	0	0	0
11	259	134	0	0	0	0
12	246	134	0	0	0	0
13	248	134	0	0	0	0
14	265	134	0	0	0	0
15	267	134	0	0	0	0
0	266	134	0	0	0	0
1	267	134	0	0	0	0
2	278	135	0	0	0	0
3	280	134	0	0	0	0
4	306	134	0	0	0	0
5	314	134	0	0	0	0
6	318	134	0	0	0	0
7	323	134	0	0	0	0
8	325	134	0	0	0	0
9	322	134	0	0	0	0
10	304	134	0	0	0	0
11	299	134	0	0	0	0
12	311	134	0	0	0	0
13	315	134	0	0	0	0
14	331	134	0	0	0	0
15	335	134	0	0	0	0
0	339	134	0	0	0	0
1	343	134	0	0	0	0
2	333	134	0	0	0	0
3	334	134	0	0	0	0
4	349	134	0	0	0	0
5	348	134	0	0	0	0
6	353	135	0	0	0	0
7	355	134	0	0	0	0
8	360	134	0	0	0	0
9	364	134	0	0	0	0
10	368	134	0	0	0	0
11	374	134	0	0	0	0
12	371	134	0	0	0	0
13	376	134	0	0	0	0
14	379	134	0	0	0	0
15	383	134	0	0	0	0
0	384	134	0	0	0	0
1	389	134	0	0	0	0
2	395	134	0	0	0	0
3	396	134	0	0	0	0
4	403	134	0	0	0	0
5	407	134	0	0	0	0
6	405	134	0	0	0	0
7	405	134	0	0	0	0
8	415	134	0	0	0	0
9	415	134	0	0	0	0
10	397	134	0	0	0	0
11	418	134	0	0	0	0
12	429	134	0	0	0	0
13	432	134	0	0	0	0
14	432	134	0	0	0	0
15	437	134	0	0	0	0
0	451	134	0	0	0	0
1	454	134	0	0	0	0
2	462	134	0	0	0	0
3	463	134	0	0	0	0
4	471	135	0	0	0	0
5	476	135	0	0	0	0
6	475	135	0	0	0	0
7	489	135	0	0	0	0
8	487	135	0	0	0	0
9	498	135	0	0	0	0
10	504	135	0	0	0	0
11	510	135	0	0	0	0
12	444	135	0	0	0	0
13	444	135	0	0	0	0
14	328	136	0	0	0	0
15	311	136	0	0	0	0
0	353	137	0	0	0	0
1	359	138	0	0	0	0
2	399	139	0	0	0	0
3	377	138	0	0	0	0
4	402	138	0	0	0	0
5	404	139	0	0	0	0
6	430	140	0	0	0	0
7	454	139	0	0	0	0
8	344	139	0	0	0	0
9	371	139	0	0	0	0
10	332	139	0	0	0	0
11	403	139	0	0	0	0
12	338	139	0	0	0	0
13	318	139	0	0	0	0
14	414	139	0	0	0	0
15	354	139	0	0	0	0
0	342	139	0	0	0	0
1	330	140	0	0	0	0
2	392	139	0	0	0	0
3	354	140	0	0	0	0
4	375	139	0	0	0	0
5	369	140	0	0	0	0
6	402	140	0	0	0	0
7	371	139	0	0	0	0
8	454	139	0	0	0	0
9	327	139	0	0	0	0
10	427	139	0	0	0	0
11	411	139	0	0	0	0
12	428	139	0	0	0	0
13	344	139	0	0	0	0
14	408	140	0	0	0	0
15	436	139	0	0	0	0
0	349	139	0	0	0	0
1	428	139	0	0	0	0
2	332	139	0	0	0	0
3	493	138	0	0	0	0
4	494	137	0	0	0	0
5	496	139	0	0	0	0
6	478	139	0	0	0	0
7	462	140	0	0	0	0
8	454	139	0	0	0	0
9	496	140	0	0	0	0
10	523	139	0	0	0	0
11	459	140	0	0	0	0
12	530	140	0	0	0	0
13	470	140	0	0	0	0
14	496	140	0	0	0	0
15	400	139	0	0	0	0
0	472	140	0	0	0	0
1	481	139	0	0	0	0
2	495	139	0	0	0	0
3	531	140	0	0	0	0
4	466	139	0	0	0	0
5	575	139	0	0	0	0
6	555	139	0	0	0	0
7	479	139	0	0	0	0
8	567	140	0	0	0	0
9	648	139	0	0	0	0
10	610	137	0	0	0	0
11	682	136	0	0	0	0
12	829	135	0	0	0	0
13	837	135	0	0	0	0
14	830	135	0	0	0	0
15	821	135	0	0	0	0
0	829	135	0	0	0	0
1	853	135	0	0	0	0
2	861	135	0	0	0	0
3	844	135	0	0	0	0
4	844	135	0	0	0	0
5	850	135	0	0	0	0
6	852	135	0	0	0	0
7	852	135	0	0	0	0
8	869	135	0	0	0	0
9	852	135	0	0	0	0
10	866	135	0	0	0	0
11	856	135	0	0	0	0
12	884	135	0	0	0	0
13	872	135	0	0	0	0
14	874	135	0	0	0	0
15	873	135	0	0	0	0
0	849	135	0	0	0	0
1	835	135	0	0	0	0
2	850	135	0	0	0	0
3	855	135	0	0	0	0
4	889	135	0	0	0	0
5	887	135	0	0	0	0
6	888	135	0	0	0	0
7	896	135	0	0	0	0
8	900	135	0	0	0	0
9	905	135	0	0	0	0
10	903	135	0	0	0	0
11	902	135	0	0	0	0
12	909	135	0	0	0	0
13	913	135	0	0	0	0
14	914	135	0	0	0	0
15	918	135	0	0	0	0
0	920	135	0	0	0	0
1	915	135	0	0	0	0
2	915	135	0	0	0	0
3	912	135	0	0	0	0
4	915	135	0	0	0	0
5	915	135	0	0	0	0
6	923	135	0	0	0	0
7	925	135	0	0	0	0
8	925	135	0	0	0	0
9	927	135	0	0	0	0
10	927	135	0	0	0	0
11	924	135	0	0	0	0
12	924	135	0	0	0	0
13	925	135	0	0	0	0
14	924	135	0	0	0	0
15	926	135	0	0	0	0
0	924	135	0	0	0	0
1	920	135	0	0	0	0
2	918	135	0	0	0	0
3	916	135	0	0	0	0
4	914	135	0	0	0	0
5	911	135	0	0	0	0
6	920	135	0	0	0	0
7	934	135	0	0	0	0
8	945	136	0	0	0	0
9	964	135	0	0	0	0
10	922	135	0	0	0	0
11	919	135	0	0	0	0
12	912	135	0	0	0	0
13	903	135	0	0	0	0
14	877	135	0	0	0	0
15	859	135	0	0	0	0
0	854	135	0	0	0	0
1	851	135	0	0	0	0
2	852	135	0	0	0	0
3	879	135	0	0	0	0
4	872	135	0	0	0	0
5	878	135	0	0	0	0
6	878	135	0	0	0	0
7	879	135	0	0	0	0
8	880	135	0	0	0	0
9	875	135	0	0	0	0
10	875	135	0	0	0	0
11	870	135	0	0	0	0
12	875	135	0	0	0	0
13	870	135	0	0	0	0
14	871	135	0	0	0	0
15	868	135	0	0	0	0
0	858	135	0	0	0	0
1	851	135	0	0	0	0
2	856	135	0	0	0	0
3	846	135	0	0	0	0
4	845	135	0	0	0	0
5	841	135	0	0	0	0
6	837	135	0	0	0	0
7	827	135	0	0	0	0
8	830	135	0	0	0	0
9	814	135	0	0	0	0
10	819	135	0	0	0	0
11	806	135	0	0	0	0
12	806	135	0	0	0	0
13	777	135	0	0	0	0
14	772	135	0	0	0	0
15	781	135	0	0	0	0
0	789	135	0	0	0	0
1	779	135	0	0	0	0
2	776	135	0	0	0	0
3	770	135	0	0	0	0
4	768	135	0	0	0	0
5	764	135	0	0	0	0
6	756	135	0	0	0	0
7	752	135	0	0	0	0
8	742	135	0	0	0	0
9	740	135	0	0	0	0
10	726	135	0	0	0	0
11	721	135	0	0	0	0
12	710	135	0	0	0	0
13	702	135	0	0	0	0
14	693	135	0	0	0	0
15	687	135	0	0	0	0
0	677	135	0	0	0	0
1	671	135	0	0	0	0
2	663	135	0	0	0	0
3	650	135	0	0	0	0
4	639	135	0	0	0	0
5	632	135	0	0	0	0
6	624	135	0	0	0	0
7	615	135	0	0	0	0
8	611	135	0	0	0	0
9	599	135	0	0	0	0
10	591	135	0	0	0	0
11	573	135	0	0	0	0
12	531	135	0	0	0	0
13	512	135	0	0	0	0
14	529	135	0	0	0	0
15	534	135	0	0	0	0
0	520	135	0	0	0	0
1	516	134	0	0	0	0
2	511	135	0	0	0	0
3	508	134	0	0	0	0
4	503	135	0	0	0	0
5	499	135	0	0	0	0
6	491	135	0	0	0	0
7	488	135	0	0	0	0
8	474	135	0	0	0	0
9	475	135	0	0	0	0
10	464	135	0	0	0	0
11	499	135	0	0	0	0
12	385	135	0	0	0	0
13	633	135	0	0	0	0
14	172	130	0	0	0	0
15	235	132	0	0	0	0
0	310	134	0	0	0	0
1	326	134	0	0	0	0
2	235	134	0	0	0	0
3	236	134	0	0	0	0
4	253	134	0	0	0	0
5	267	134	0	0	0	0
6	262	134	0	0	0	0
7	255	134	0	0	0	0
8	249	135	0	0	0	0
9	236	135	0	0	0	0
10	217	135	0	0	0	0
11	215	134	0	0	0	0
12	209	135	0	0	0	0
13	201	134	0	0	0	0
14	198	134	0	0	0	0
15	187	135	0	0	0	0
0	176	135	0	0	0	0
1	158	135	0	0	0	0
2	134	134	0	0	0	0
3	135	134	0	0	0	0
4	123	134	0	0	0	0
5	123	134	0	0	0	0
6	119	134	0	0	0	0
7	109	134	0	0	0	0
8	98	134	0	0	0	0
9	96	134	0	0	0	0
10	83	134	0	0	0	0
11	80	134	0	0	0	0
12	71	134	0	0	0	0
13	66	134	0	0	0	0
14	57	134	0	0	0	0
15	54	134	0	0	0	0
0	54	134	0	0	0	0
1	47	134	0	0	0	0
2	39	134	0	0	0	0
3	29	134	0	0	0	0
4	33	134	0	0	0	0
5	26	134	0	0	0	0
6	16	134	0	0	0	0
7	19	134	0	0	0	0
8	11	134	0	0	0	0
9	13	134	0	0	0	0
10	5	134	0	0	0	0
11	2	134	0	0	0	0
12	0	134	0	0	0	0
13	0	134	0	0	0	0
14	0	134	0	0	0	0
15	0	134	0	0	0	0
0	0	134	0	0	0	0
1	0	134	0	0	0	0
2	0	134	0	0	0	0
3	0	134	0	0	0	0
4	0	134	0	0	0	0
5	0	134	0	0	0	0
6	0	134	0	0	0	0
7	0	134	0	0	0	0
8	0	134	0	0	0	0
9	0	134	0	0	0	0
10	0	134	0	0	0	0
11	0	134	0	0	0	0
12	0	134	0	0	0	0
13	0	134	0	0	0	0
14	0	134	0	0	0	0
15	0	134	0	0	0	0
0	0	134	0	0	0	0
1	0	134	0	0	0	0
2	0	134	0	0	0	0
3	0	134	0	0	0	0
4	0	134	0	0	0	0
5	0	134	0	0	0	0
6	0	134	0	0	0	0
7	0	134	0	0	0	0
8	0	134	0	0	0	0
9	0	134	0	0	0	0
10	0	134	0	0	0	0
11	0	134	0	0	0	0
12	0	134	0	0	0	0
13	0	134	0	0	0	0
14	0	134	0	0	0	0
15	0	134	0	0	0	0
0	0	134	0	0	0	0
1	0	134	0	0	0	0
2	0	134	0	0	0	0
3	0	134	0	0	0	0
4	0	134	0	0	0	0
5	0	134	0	0	0	0
6	0	135	0	0	0	0
7	0	134	0	0	0	0
8	0	134	0	0	0	0
9	0	134	0	0	0	0
10	0	134	0	0	0	0
11	0	134	0	0	0	0
12	0	134	0	0	0	0
13	0	134	0	0	0	0
14	0	134	0	0	0	0
15	0	134	0	0	0	0
0	0	134	0	0	0	0
1	0	134	0	0	0	0
2	0	134	0	0	0	0
3	0	134	0	0	0	0
4	0	134	0	0	0	0
5	0	135	0	0	0	0
6	0	135	0	0	0	0
7	0	135	0	0	0	0
8	0	135	0	0	0	0
9	0	134	0	0	0	0
10	0	135	0	0	0	0
11	0	135	0	0	0	0
12	0	135	0	0	0	0
13	0	135	0	0	0	0
14	0	135	0	0	0	0
15	0	135	0	0	0	0
0	0	135	0	0	0	0
1	0	134	0	0	0	0
2	0	135	0	0	0	0
3	0	135	0	0	0	0
4	0	135	0	0	0	0
5	0	135	0	0	0	0
6	0	135	0	0	0	0
7	0	135	0	0	0	0
8	0	134	0	0	0	0
9	0	135	0	0	0	0
10	0	135	0	0	0	0
11	0	135	0	0	0	0
12	0	135	0	0	0	0
13	0	135	0	0	0	0
14	0	135	0	0	0	0
15	0	135	0	0	0	0
0	0	135	0	0	0	0
1	0	135	0	0	0	0
2	0	135	0	0	0	0
3	0	134	0	0	0	0
4	0	134	0	0	0	0
5	0	134	0	0	0	0
6	0	135	0	0	0	0
7	0	135	0	0	0	0
8	0	135	0	0	0	0
9	0	135	0	0	0	0
10	0	135	0	0	0	0
11	0	135	0	0	0	0
12	0	135	0	0	0	0
13	0	135	0	0	0	0
14	0	135	0	0	0	0
15	0	135	0	0	0	0
0	0	135	0	0	0	0
1	0	135	0	0	0	0
2	0	135	0	0	0	0
3	0	135	0	0	0	0
4	0	135	0	0	0	0
5	0	135	0	0	0	0
6	0	135	0	0	0	0
7	0	135	0	0	0	0
8	0	135	0	0	0	0
9	0	135	0	0	0	0
10	0	135	0	0	0	0
11	0	135	0	0	0	0
12	0	135	0	0	0	0
13	0	135	0	0	0	0
14	0	135	0	0	0	0
15	0	134	0	0	0	0
0	0	135	0	0	0	0
1	0	135	0	0	0	0
2	0	134	0	0	0	0
3	0	135	0	0	0	0
4	0	135	0	0	0	0
5	0	135	0	0	0	0
6	0	134	0	0	0	0
7	0	135	0	0	0	0
8	0	134	0	0	0	0
9	0	134	0	0	0	0
10	0	135	0	0	0	0
11	0	135	0	0	0	0
12	0	135	0	0	0	0
13	0	134	0	0	0	0
14	0	135	0	0	0	0
15	0	134	0	0	0	0
0	0	135	0	0	0	0
1	0	134	0	0	0	0
2	0	135	0	0	0	0
3	0	134	0	0	0	0
4	0	135	0	0	0	0
5	0	135	0	0	0	0
6	0	135	0	0	0	0
7	0	134	0	0	0	0
8	0	135	0	0	0	0
9	0	135	0	0	0	0
10	0	135	0	0	0	0
11	0	135	0	0	0	0
12	0	135	0	0	0	0
13	0	135	0	0	0	0
14	0	135	0	0	0	0
15	0	135	0	0	0	0
0	0	135	0	0	0	0
1	0	135	0	0	0	0
2	0	135	0	0	0	0
3	0	134	0	0	0	0
4	0	134	0	0	0	0
5	0	134	0	0	0	0
6	0	135	0	0	0	0
7	0	134	0	0	0	0
8	0	135	0	0	0	0
9	0	134	0	0	0	0
10	0	135	0	0	0	0
11	0	134	0	0	0	0
12	0	135	0	0	0	0
13	0	134	0	0	0	0
14	0	134	0	0	0	0
15	0	134	0	0	0	0
0	0	134	0	0	0	0
1	0	134	0	0	0	0
2	0	134	0	0	0	0
3	0	134	0	0	0	0
4	0	134	0	0	0	0
5	0	134	0	0	0	0
6	0	134	0	0	0	0
7	0	134	0	0	0	0
8	0	134	0	0	0	0
9	0	135	0	0	0	0
10	0	135	0	0	0	0
11	0	135	0	0	0	0
12	0	135	0	0	0	0
13	0	135	0	0	0	0
14	0	135	0	0	0	0
15	0	135	0	0	0	0
0	0	135	0	0	0	0
1	4	134	0	0	0	0
2	43	135	0	0	0	0
3	72	135	0	0	0	0
4	92	135	0	0	0	0
5	120	135	0	0	0	0
6	137	135	0	0	0	0
7	159	135	0	0	0	0
8	182	135	0	0	0	0
9	202	135	0	0	0	0
10	227	135	0	0	0	0
11	248	135	0	0	0	0
12	262	135	0	0	0	0
13	284	135	0	0	0	0
14	292	135	0	0	0	0
15	314	135	0	0	0	0
0	329	135	0	0	0	0
1	345	135	0	0	0	0
2	362	135	0	0	0	0
3	377	135	0	0	0	0
4	396	135	0	0	0	0
5	399	135	0	0	0	0
6	419	135	0	0	0	0
7	428	135	0	0	0	0
8	449	135	0	0	0	0
9	460	135	0	0	0	0
10	475	135	0	0	0	0
11	476	135	0	0	0	0
12	505	135	0	0	0	0
13	498	135	0	0	0	0
14	528	135	0	0	0	0
15	527	135	0	0	0	0
0	553	135	0	0	0	0
1	553	135	0	0	0	0
2	580	135	0	0	0	0
3	576	135	0	0	0	0
4	600	135	0	0	0	0
5	602	135	0	0	0	0
6	622	135	0	0	0	0
7	624	135	0	0	0	0
8	652	135	0	0	0	0
9	647	135	0	0	0	0
10	669	135	0	0	0	0
11	670	135	0	0	0	0
12	689	135	0	0	0	0
13	689	135	0	0	0	0
14	710	135	0	0	0	0
15	704	135	0	0	0	0
0	734	135	0	0	0	0
1	728	135	0	0	0	0
2	752	135	0	0	0	0
3	753	135	0	0	0	0
4	774	135	0	0	0	0
5	770	135	0	0	0	0
6	799	135	0	0	0	0
7	796	135	0	0	0	0
8	819	135	0	0	0	0
9	827	135	0	0	0	0
10	866	135	0	0	0	0
11	868	135	0	0	0	0
12	892	135	0	0	0	0
13	895	135	0	0	0	0
14	918	135	0	0	0	0
15	926	135	0	0	0	0
0	949	135	0	0	0	0
1	950	135	0	0	0	0
2	976	135	0	0	0	0
3	988	135	0	0	0	0
4	1009	135	0	0	0	0
5	1012	135	0	0	0	0
6	1020	135	0	0	0	0
7	1021	135	0	0	0	0
8	1022	136	0	0	0	0
9	1022	135	0	0	0	0
10	1022	136	0	0	0	0
11	1022	136	0	0	0	0
12	1022	136	0	0	0	0
13	1022	136	0	0	0	0
14	1022	136	0	0	0	0
15	1022	135	0	0	0	0
0	1022	136	0	0	0	0
1	1022	136	0	0	0	0
2	1022	136	0	0	0	0
3	1022	136	0	0	0	0
4	1022	136	0	0	0	0
5	1022	136	0	0	0	0
6	1022	136	0	0	0	0
7	1022	136	0	0	0	0
8	1023	136	0	0	0	0
9	1022	136	0	0	0	0
10	1022	136	0	0	0	0
11	1022	135	0	0	0	0
12	1022	136	0	0	0	0
13	1022	135	0	0	0	0
14	1022	135	0	0	0	0
15	1022	135	0	0	0	0
0	1023	135	0	0	0	0
1	1022	135	0	0	0	0
2	1022	135	0	0	0	0
3	1022	135	0	0	0	0
4	1022	135	0	0	0	0
5	1022	135	0	0	0	0
6	1022	135	0	0	0	0
7	1022	135	0	0	0	0
8	1022	135	0	0	0	0
9	1022	135	0	0	0	0
10	1022	135	0	0	0	0
11	1022	135	0	0	0	0
12	1022	135	0	0	0	0
13	1022	135	0	0	0	0
14	1022	135	0	0	0	0
15	1022	135	0	0	0	0
0	1022	135	0	0	0	0
1	1022	135	0	0	0	0
2	1022	135	0	0	0	0
3	1022	135	0	0	0	0
4	1022	135	0	0	0	0
5	1022	135	0	0	0	0
6	1022	135	0	0	0	0
7	1022	135	0	0	0	0
8	1022	135	0	0	0	0
9	1022	135	0	0	0	0
10	1022	135	0	0	0	0
11	1022	135	0	0	0	0
12	1022	135	0	0	0	0
13	1022	135	0	0	0	0
14	1022	135	0	0	0	0
15	1022	135	0	0	0	0
0	1023	135	0	0	0	0
1	1022	135	0	0	0	0
2	1022	135	0	0	0	0
3	1022	135	0	0	0	0
4	1022	135	0	0	0	0
5	1022	135	0	0	0	0
6	1022	135	0	0	0	0
7	1022	135	0	0	0	0
8	1022	135	0	0	0	0
9	1022	135	0	0	0	0
10	1022	135	0	0	0	0
11	1022	135	0	0	0	0
12	1022	135	0	0	0	0
13	1022	135	0	0	0	0
14	1022	135	0	0	0	0
15	1022	135	0	0	0	0
0	1022	135	0	0	0	0
1	1022	135	0	0	0	0
2	1022	135	0	0	0	0
3	1022	135	0	0	0	0
4	1022	135	0	0	0	0
5	1022	135	0	0	0	0
6	1022	135	0	0	0	0
7	1022	135	0	0	0	0
8	1022	135	0	0	0	0
9	1022	135	0	0	0	0
10	1022	135	0	0	0	0
11	1022	135	0	0	0	0
12	1022	135	0	0	0	0
13	1022	135	0	0	0	0
14	1022	135	0	0	0	0
15	1022	135	0	0	0	0
0	1022	135	0	0	0	0
1	1022	135	0	0	0	0
2	1022	135	0	0	0	0
3	1022	135	0	0	0	0
4	1022	135	0	0	0	0
5	1022	135	0	0	0	0
6	1022	135	0	0	0	0
7	1022	135	0	0	0	0
8	1022	135	0	0	0	0
9	1022	135	0	0	0	0
10	1022	135	0	0	0	0
11	1022	135	0	0	0	0
12	1022	135	0	0	0	0
13	1022	135	0	0	0	0
14	1022	135	0	0	0	0
15	1022	135	0	0	0	0
0	1022	135	0	0	0	0
1	1022	135	0	0	0	0
2	1022	135	0	0	0	0
3	1022	135	0	0	0	0
4	1022	135	0	0	0	0
5	1022	135	0	0	0	0
6	1023	135	0	0	0	0
7	1022	135	0	0	0	0
8	1022	135	0	0	0	0
9	1022	135	0	0	0	0
10	1023	135	0	0	0	0
11	1022	135	0	0	0	0
12	1022	135	0	0	0	0
13	1022	135	0	0	0	0
14	1022	135	0	0	0	0
15	1022	135	0	0	0	0
0	1023	135	0	0	0	0
1	1023	135	0	0	0	0
2	1023	135	0	0	0	0
3	1023	135	0	0	0	0
4	1023	135	0	0	0	0
5	1022	135	0	0	0	0
6	1023	135	0	0	0	0
7	1023	135	0	0	0	0
8	1023	135	0	0	0	0
9	1023	135	0	0	0	0
10	1023	135	0	0	0	0
11	1023	135	0	0	0	0
12	1022	135	0	0	0	0
13	1023	135	0	0	0	0
14	1023	135	0	0	0	0
15	1023	135	0	0	0	0
0	1023	135	0	0	0	0
1	1023	135	0	0	0	0
2	1023	135	0	0	0	0
3	1023	135	0	0	0	0
4	1023	135	0	0	0	0
5	1023	135	0	0	0	0
6	1023	135	0	0	0	0
7	1023	135	0	0	0	0
8	1023	135	0	0	0	0
9	1023	135	0	0	0	0
10	1023	135	0	0	0	0
11	1023	135	0	0	0	0
12	1023	135	0	0	0	0
13	1022	135	0	0	0	0
14	1023	135	0	0	0	0
15	1022	135	0	0	0	0
0	1023	135	0	0	0	0
1	1022	135	0	0	0	0
2	1022	135	0	0	0	0
3	1022	135	0	0	0	0
4	1022	135	0	0	0	0
5	1022	135	0	0	0	0
6	1022	135	0	0	0	0
7	1022	135	0	0	0	0
8	1022	135	0	0	0	0
9	1022	135	0	0	0	0
10	1022	135	0	0	0	0
11	1022	135	0	0	0	0
12	1022	135	0	0	0	0
13	1022	135	0	0	0	0
14	1022	135	0	0	0	0
15	1022	135	0	0	0	0
0	1022	135	0	0	0	0
1	1022	135	0	0	0	0
2	1022	135	0	0	0	0
3	1022	135	0	0	0	0
4	1022	136	0	0	0	0
5	1022	136	0	0	0	0
6	1022	136	0	0	0	0
7	1022	136	0	0	0	0
8	1022	136	0	0	0	0
9	1022	136	0	0	0	0
10	1022	136	0	0	0	0
11	1022	136	0	0	0	0
12	1022	136	0	0	0	0
13	1021	136	0	0	0	0
14	1019	136	0	0	0	0
15	1009	136	0	0	0	0
0	988	136	0	0	0	0
1	982	136	0	0	0	0
2	978	136	0	0	0	0
3	973	136	0	0	0	0
4	962	136	0	0	0	0
5	955	136	0	0	0	0
6	937	136	0	0	0	0
7	938	136	0	0	0	0
8	929	136	0	0	0	0
9	921	136	0	0	0	0
10	915	136	0	0	0	0
11	907	136	0	0	0	0
12	899	136	0	0	0	0
13	884	136	0	0	0	0
14	867	136	0	0	0	0
15	852	136	0	0	0	0
0	833	136	0	0	0	0
1	836	136	0	0	0	0
2	817	136	0	0	0	0
3	816	136	0	0	0	0
4	804	136	0	0	0	0
5	803	136	0	0	0	0
6	803	137	0	0	0	0
7	800	137	0	0	0	0
8	774	137	0	0	0	0
9	775	137	0	0	0	0
10	747	137	0	0	0	0
11	750	137	0	0	0	0
12	730	137	0	0	0	0
13	731	137	0	0	0	0
14	713	137	0	0	0	0
15	701	137	0	0	0	0
0	687	137	0	0	0	0
1	684	137	0	0	0	0
2	668	137	0	0	0	0
3	668	137	0	0	0	0
4	648	137	0	0	0	0
5	642	137	0	0	0	0
6	625	137	0	0	0	0
7	617	137	0	0	0	0
8	607	137	0	0	0	0
9	602	137	0	0	0	0
10	597	137	0	0	0	0
11	580	137	0	0	0	0
12	567	137	0	0	0	0
13	557	137	0	0	0	0
14	542	137	0	0	0	0
15	537	137	0	0	0	0
0	530	137	0	0	0	0
1	517	137	0	0	0	0
2	508	137	0	0	0	0
3	487	137	0	0	0	0
4	481	137	0	0	0	0
5	469	137	0	0	0	0
6	460	137	0	0	0	0
7	444	137	0	0	0	0
8	441	137	0	0	0	0
9	431	137	0	0	0	0
10	424	137	0	0	0	0
11	408	137	0	0	0	0
12	400	137	0	0	0	0
13	387	137	0	0	0	0
14	379	137	0	0	0	0
15	372	137	0	0	0	0
0	364	137	0	0	0	0
1	348	137	0	0	0	0
2	343	137	0	0	0	0
3	335	137	0	0	0	0
4	324	137	0	0	0	0
5	313	137	0	0	0	0
6	303	137	0	0	0	0
7	289	137	0	0	0	0
8	281	137	0	0	0	0
9	269	137	0	0	0	0
10	263	137	0	0	0	0
11	244	137	0	0	0	0
12	240	137	0	0	0	0
13	223	137	0	0	0	0
14	216	137	0	0	0	0
15	198	137	0	0	0	0
0	189	137	0	0	0	0
1	176	137	0	0	0	0
2	172	137	0	0	0	0
3	160	137	0	0	0	0
4	152	137	0	0	0	0
5	138	137	0	0	0	0
6	142	137	0	0	0	0
7	112	137	0	0	0	0
8	114	137	0	0	0	0
9	103	137	0	0	0	0
10	96	137	0	0	0	0
11	86	137	0	0	0	0
12	82	137	0	0	0	0
13	64	137	0	0	0	0
14	68	137	0	0	0	0
15	53	137	0	0	0	0
0	51	137	0	0	0	0
1	35	137	0	0	0	0
2	36	137	0	0	0	0
3	23	137	0	0	0	0
4	21	137	0	0	0	0
5	6	137	0	0	0	0
6	2	137	0	0	0	0
7	0	137	0	0	0	0
8	0	137	0	0	0	0
9	0	137	0	0	0	0
10	0	137	0	0	0	0
11	0	137	0	0	0	0
12	0	137	0	0	0	0
13	0	137	0	0	0	0
14	0	137	0	0	0	0
15	0	137	0	0	0	0
0	0	137	0	0	0	0
1	0	137	0	0	0	0
2	0	137	0	0	0	0
3	0	137	0	0	0	0
4	0	137	0	0	0	0
5	0	137	0	0	0	0
6	0	137	0	0	0	0
7	0	137	0	0	0	0
8	0	137	0	0	0	0
9	0	137	0	0	0	0
10	0	137	0	0	0	0
11	0	137	0	0	0	0
12	0	137	0	0	0	0
13	0	137	0	0	0	0
14	0	137	0	0	0	0
15	0	137	0	0	0	0
0	0	137	0	0	0	0
1	0	137	0	0	0	0
2	0	137	0	0	0	0
3	0	137	0	0	0	0
4	0	137	0	0	0	0
5	0	137	0	0	0	0
6	0	137	0	0	0	0
7	0	137	0	0	0	0
8	0	137	0	0	0	0
9	0	137	0	0	0	0
10	0	137	0	0	0	0
11	0	137	0	0	0	0
12	0	137	0	0	0	0
13	0	137	0	0	0	0
14	0	137	0	0	0	0
15	0	137	0	0	0	0
0	0	137	0	0	0	0
1	0	137	0	0	0	0
2	0	137	0	0	0	0
3	0	137	0	0	0	0
4	0	137	0	0	0	0
5	0	137	0	0	0	0
6	0	137	0	0	0	0
7	0	137	0	0	0	0
8	0	137	0	0	0	0
9	0	137	0	0	0	0
10	0	137	0	0	0	0
11	0	137	0	0	0	0
12	0	137	0	0	0	0
13	0	137	0	0	0	0
14	0	137	0	0	0	0
15	0	137	0	0	0	0
0	0	137	0	0	0	0
1	0	137	0	0	0	0
2	0	137	0	0	0	0
3	0	137	0	0	0	0
4	0	137	0	0	0	0
5	0	137	0	0	0	0
6	0	136	0	0	0	0
7	0	136	0	0	0	0
8	0	136	0	0	0	0
9	0	136	0	0	0	0
10	0	137	0	0	0	0
11	0	136	0	0	0	0
12	0	136	0	0	0	0
13	0	136	0	0	0	0
14	0	137	0	0	0	0
15	0	136	0	0	0	0
0	0	136	0	0	0	0
1	0	136	0	0	0	0
2	0	136	0	0	0	0
3	0	136	0	0	0	0
4	0	136	0	0	0	0
5	0	136	0	0	0	0
6	0	136	0	0	0	0
7	0	137	0	0	0	0
8	0	136	0	0	0	0
9	0	137	0	0	0	0
10	0	136	0	0	0	0
11	0	136	0	0	0	0
12	0	135	0	0	0	0
13	0	136	0	0	0	0
14	0	136	0	0	0	0
15	0	136	0	0	0	0
0	0	136	0	0	0	0
1	0	136	0	0	0	0
2	0	136	0	0	0	0
3	0	136	0	0	0	0
4	0	136	0	0	0	0
5	0	136	0	0	0	0
6	0	136	0	0	0	0
7	40	136	0	0	0	0
8	79	137	0	0	0	0
9	110	136	0	0	0	0
10	151	137	0	0	0	0
11	177	137	0	0	0	0
12	221	137	0	0	0	0
13	248	137	0	0	0	0
14	288	137	0	0	0	0
15	311	137	0	0	0	0
0	351	137	0	0	0	0
1	370	137	0	0	0	0
2	399	137	0	0	0	0
3	422	137	0	0	0	0
4	451	137	0	0	0	0
5	477	137	0	0	0	0
6	501	137	0	0	0	0
7	524	137	0	0	0	0
8	539	138	0	0	0	0
9	568	137	0	0	0	0
10	581	137	0	0	0	0
11	614	137	0	0	0	0
12	627	137	0	0	0	0
13	655	137	0	0	0	0
14	675	137	0	0	0	0
15	701	137	0	0	0	0
0	721	138	0	0	0	0
1	750	137	0	0	0	0
2	763	137	0	0	0	0
3	795	137	0	0	0	0
4	812	137	0	0	0	0
5	842	138	0	0	0	0
6	856	138	0	0	0	0
7	890	138	0	0	0	0
8	911	137	0	0	0	0
9	932	138	0	0	0	0
10	965	138	0	0	0	0
11	990	137	0	0	0	0
12	1015	137	0	0	0	0
13	1021	138	0	0	0	0
14	1022	138	0	0	0	0
15	1022	138	0	0	0	0
0	1022	138	0	0	0	0
1	1022	138	0	0	0	0
2	1022	138	0	0	0	0
3	1022	138	0	0	0	0
4	1022	138	0	0	0	0
5	1022	138	0	0	0	0
6	1023	138	0	0	0	0
7	1022	138	0	0	0	0
8	1022	138	0	0	0	0
9	1022	138	0	0	0	0
10	1022	138	0	0	0	0
11	1022	138	0	0	0	0
12	1023	138	0	0	0	0
13	1022	138	0	0	0	0
14	1022	138	0	0	0	0
15	1023	138	0	0	0	0
0	1023	138	0	0	0	0
1	1022	138	0	0	0	0
2	1023	138	0	0	0	0
3	1023	138	0	0	0	0
4	1023	138	0	0	0	0
5	1022	138	0	0	0	0
6	1023	138	0	0	0	0
7	1023	138	0	0	0	0
8	1023	138	0	0	0	0
9	1023	138	0	0	0	0
10	1023	138	0	0	0	0
11	1022	138	0	0	0	0
12	1022	138	0	0	0	0
13	1022	138	0	0	0	0
14	1023	138	0	0	0	0
15	1022	138	0	0	0	0
0	1023	138	0	0	0	0
1	1023	138	0	0	0	0
2	1023	139	0	0	0	0
3	1022	139	0	0	0	0
4	1023	139	0	0	0	0
5	1023	139	0	0	0	0
6	1022	139	0	0	0	0
7	1023	139	0	0	0	0
8	1023	139	0	0	0	0
9	1023	139	0	0	0	0
10	1023	139	0	0	0	0
11	1022	139	0	0	0	0
12	1023	139	0	0	0	0
13	1022	139	0	0	0	0
14	1023	139	0	0	0	0
15	1022	139	0	0	0	0
0	1022	139	0	0	0	0
1	1023	138	0	0	0	0
2	1022	139	0	0	0	0
3	1023	138	0	0	0	0
4	1023	139	0	0	0	0
5	1023	138	0	0	0	0
6	1023	139	0	0	0	0
7	1022	139	0	0	0	0
8	1023	139	0	0	0	0
9	1022	139	0	0	0	0
10	1022	139	0	0	0	0
11	1022	139	0	0	0	0
12	1022	139	0	0	0	0
13	1022	139	0	0	0	0
14	1022	139	0	0	0	0
15	1022	139	0	0	0	0
0	1023	139	0	0	0	0
1	1022	139	0	0	0	0
2	1022	139	0	0	0	0
3	1022	139	0	0	0	0
4	1023	139	0	0	0	0
5	1022	139	0	0	0	0
6	1023	139	0	0	0	0
7	1022	139	0	0	0	0
8	1022	139	0	0	0	0
9	1022	139	0	0	0	0
10	1023	139	0	0	0	0
11	1022	139	0	0	0	0
12	1023	139	0	0	0	0
13	1022	139	0	0	0	0
14	1022	139	0	0	0	0
15	1022	139	0	0	0	0
0	1023	139	0	0	0	0
1	1022	139	0	0	0	0
2	1023	139	0	0	0	0
3	1022	139	0	0	0	0
4	1022	139	0	0	0	0
5	1022	139	0	0	0	0
6	1022	139	0	0	0	0
7	1022	139	0	0	0	0
8	1022	139	0	0	0	0
9	1022	139	0	0	0	0
10	1022	139	0	0	0	0
11	1022	139	0	0	0	0
12	1022	139	0	0	0	0
13	1022	139	0	0	0	0
14	1022	139	0	0	0	0
15	1022	139	0	0	0	0
0	1022	139	0	0	0	0
1	1022	139	0	0	0	0
2	1022	139	0	0	0	0
3	1022	139	0	0	0	0
4	1022	139	0	0	0	0
5	1022	139	0	0	0	0
6	1022	139	0	0	0	0
7	1022	139	0	0	0	0
8	1022	139	0	0	0	0
9	1022	139	0	0	0	0
10	1022	139	0	0	0	0
11	1022	139	0	0	0	0
12	1022	138	0	0	0	0
13	1022	139	0	0	0	0
14	1022	138	0	0	0	0
15	1022	139	0	0	0	0
0	1022	138	0	0	0	0
1	1022	138	0	0	0	0
2	1022	138	0	0	0	0
3	1022	138	0	0	0	0
4	1022	139	0	0	0	0
5	1022	139	0	0	0	0
6	1022	139	0	0	0	0
7	1022	139	0	0	0	0
8	1022	139	0	0	0	0
9	1022	139	0	0	0	0
10	1022	139	0	0	0	0
11	1022	139	0	0	0	0
12	1022	139	0	0	0	0
13	1022	139	0	0	0	0
14	1021	139	0	0	0	0
15	1015	139	0	0	0	0
0	988	139	0	0	0	0
1	971	139	0	0	0	0
2	956	139	0	0	0	0
3	943	139	0	0	0	0
4	932	139	0	0	0	0
5	917	139	0	0	0	0
6	902	139	0	0	0	0
7	893	139	0	0	0	0
8	875	139	0	0	0	0
9	858	139	0	0	0	0
10	840	138	0	0	0	0
11	824	138	0	0	0	0
12	781	138	0	0	0	0
13	760	138	0	0	0	0
14	752	138	0	0	0	0
15	766	138	0	0	0	0
0	755	138	0	0	0	0
1	744	138	0	0	0	0
2	735	139	0	0	0	0
3	722	138	0	0	0	0
4	713	138	0	0	0	0
5	699	138	0	0	0	0
6	679	139	0	0	0	0
7	672	139	0	0	0	0
8	668	139	0	0	0	0
9	656	139	0	0	0	0
10	655	139	0	0	0	0
11	641	139	0	0	0	0
12	629	139	0	0	0	0
13	613	139	0	0	0	0
14	609	139	0	0	0	0
15	590	139	0	0	0	0
0	580	139	0	0	0	0
1	567	139	0	0	0	0
2	556	139	0	0	0	0
3	530	139	0	0	0	0
4	526	139	0	0	0	0
5	496	139	0	0	0	0
6	498	139	0	0	0	0
7	473	139	0	0	0	0
8	463	139	0	0	0	0
9	445	139	0	0	0	0
10	435	139	0	0	0	0
11	412	139	0	0	0	0
12	400	139	0	0	0	0
13	385	138	0	0	0	0
14	375	138	0	0	0	0
15	360	138	0	0	0	0
0	353	139	0	0	0	0
1	333	139	0	0	0	0
2	321	138	0	0	0	0
3	310	138	0	0	0	0
4	287	138	0	0	0	0
5	280	138	0	0	0	0
6	272	138	0	0	0	0
7	256	138	0	0	0	0
8	242	138	0	0	0	0
9	235	138	0	0	0	0
10	218	138	0	0	0	0
11	207	138	0	0	0	0
12	195	138	0	0	0	0
13	188	138	0	0	0	0
14	172	139	0	0	0	0
15	163	138	0	0	0	0
0	154	139	0	0	0	0
1	145	138	0	0	0	0
2	137	139	0	0	0	0
3	131	139	0	0	0	0
4	124	138	0	0	0	0
5	115	138	0	0	0	0
6	111	139	0	0	0	0
7	108	139	0	0	0	0
8	100	139	0	0	0	0
9	99	139	0	0	0	0
10	93	138	0	0	0	0
11	87	139	0	0	0	0
12	76	138	0	0	0	0
13	75	139	0	0	0	0
14	59	138	0	0	0	0
15	68	138	0	0	0	0
0	60	138	0	0	0	0
1	65	138	0	0	0	0
2	56	139	0	0	0	0
3	52	138	0	0	0	0
4	45	138	0	0	0	0
5	44	138	0	0	0	0
6	40	139	0	0	0	0
7	36	138	0	0	0	0
8	27	139	0	0	0	0
9	31	138	0	0	0	0
10	19	139	0	0	0	0
11	18	138	0	0	0	0
12	11	139	0	0	0	0
13	16	139	0	0	0	0
14	3	138	0	0	0	0
15	3	139	0	0	0	0
0	1	139	0	0	0	0
1	1	139	0	0	0	0
2	0	139	0	0	0	0
3	0	139	0	0	0	0
4	0	139	0	0	0	0
5	0	139	0	0	0	0
6	0	139	0	0	0	0
7	0	139	0	0	0	0
8	0	140	0	0	0	0
9	0	139	0	0	0	0
10	0	139	0	0	0	0
11	0	139	0	0	0	0
12	0	140	0	0	0	0
13	0	139	0	0	0	0
14	0	140	0	0	0	0
15	0	139	0	0	0	0
0	0	140	0	0	0	0
1	0	139	0	0	0	0
2	0	140	0	0	0	0
3	0	139	0	0	0	0
4	0	139	0	0	0	0
5	0	139	0	0	0	0
6	0	139	0	0	0	0
7	0	139	0	0	0	0
8	0	139	0	0	0	0
9	0	139	0	0	0	0
10	0	139	0	0	0	0
11	0	139	0	0	0	0
12	0	139	0	0	0	0
13	0	139	0	0	0	0
14	0	139	0	0	0	0
15	0	140	0	0	0	0
0	0	140	0	0	0	0
1	0	140	0	0	0	0
2	0	140	0	0	0	0
3	0	140	0	0	0	0
4	0	140	0	0	0	0
5	0	140	0	0	0	0
6	0	140	0	0	0	0
7	0	140	0	0	0	0
8	0	140	0	0	0	0
9	0	140	0	0	0	0
10	0	140	0	0	0	0
11	0	140	0	0	0	0
12	0	140	0	0	0	0
13	0	140	0	0	0	0
14	0	140	0	0	0	0
15	0	140	0	0	0	0
0	0	140	0	0	0	0
1	0	140	0	0	0	0
2	0	140	0	0	0	0
3	0	140	0	0	0	0
4	0	140	0	0	0	0
5	0	140	0	0	0	0
6	0	140	0	0	0	0
7	0	140	0	0	0	0
8	0	140	0	0	0	0
9	0	140	0	0	0	0
10	0	140	0	0	0	0
11	0	140	0	0	0	0
12	0	140	0	0	0	0
13	0	140	0	0	0	0
14	0	141	0	0	0	0
15	0	141	0	0	0	0
0	0	141	0	0	0	0
1	0	141	0	0	0	0
2	0	141	0	0	0	0
3	0	140	0	0	0	0
4	0	140	0	0	0	0
5	0	140	0	0	0	0
6	0	142	0	0	0	0
7	44	143	0	0	0	0
8	61	144	0	0	0	0
9	7	145	0	0	0	0
10	0	145	0	0	0	0
11	0	146	0	0	0	0
12	0	146	0	0	0	0
13	0	146	0	0	0	0
14	0	146	0	0	0	0
15	0	146	0	0	0	0
0	0	146	0	0	0	0
1	0	146	0	0	0	0
2	0	146	0	0	0	0
3	0	146	0	0	0	0
4	0	146	0	0	0	0
5	0	146	0	0	0	0
6	0	146	0	0	0	0
7	0	146	0	0	0	0
8	0	146	0	0	0	0
9	0	146	0	0	0	0
10	0	146	0	0	0	0
11	0	145	0	0	0	0
12	0	146	0	0	0	0
13	0	146	0	0	0	0
14	0	145	0	0	0	0
15	0	145	0	0	0	0
0	0	145	0	0	0	0
1	0	145	0	0	0	0
2	0	145	0	0	0	0
3	0	146	0	0	0	0
4	0	145	0	0	0	0
5	0	143	0	0	0	0
6	0	142	0	0	0	0
7	0	140	0	0	0	0
8	0	139	0	0	0	0
9	0	139	0	0	0	0
10	0	138	0	0	0	0
11	0	137	0	0	0	0
12	0	137	0	0	0	0
13	0	137	0	0	0	0
14	39	137	0	0	0	0
15	60	137	0	0	0	0
0	74	137	0	0	0	0
1	94	137	0	0	0	0
2	126	137	0	0	0	0
3	152	137	0	0	0	0
4	169	137	0	0	0	0
5	199	136	0	0	0	0
6	207	136	0	0	0	0
7	236	135	0	0	0	0
8	270	135	0	0	0	0
9	286	135	0	0	0	0
10	295	134	0	0	0	0
11	317	135	0	0	0	0
12	360	134	0	0	0	0
13	316	135	0	0	0	0
14	415	134	0	0	0	0
15	472	135	0	0	0	0
0	535	135	0	0	0	0
1	587	134	0	0	0	0
2	651	134	0	0	0	0
3	715	134	0	0	0	0
4	772	134	0	0	0	0
5	841	134	0	0	0	0
6	898	134	0	0	0	0
7	958	134	0	0	0	0
8	1008	134	0	0	0	0
9	1022	134	0	0	0	0
10	1022	134	0	0	0	0
11	1022	134	0	0	0	0
12	1022	134	0	0	0	0
13	1022	134	0	0	0	0
14	1022	134	0	0	0	0
15	1022	134	0	0	0	0
0	1022	134	0	0	0	0
1	1022	134	0	0	0	0
2	1022	134	0	0	0	0
3	1022	134	0	0	0	0
4	1022	134	0	0	0	0
5	1022	134	0	0	0	0
6	1022	134	0	0	0	0
7	1022	134	0	0	0	0
8	1022	134	0	0	0	0
9	1022	134	0	0	0	0
10	1022	134	0	0	0	0
11	1022	134	0	0	0	0
12	1022	134	0	0	0	0
13	1022	133	0	0	0	0
14	1022	134	0	0	0	0
15	1022	133	0	0	0	0
0	1022	133	0	0	0	0
1	1022	133	0	0	0	0
2	1022	133	0	0	0	0
3	1022	133	0	0	0	0
4	1022	133	0	0	0	0
5	1022	133	0	0	0	0
6	1022	133	0	0	0	0
7	1022	133	0	0	0	0
8	1022	133	0	0	0	0
9	1022	133	0	0	0	0
10	1022	133	0	0	0	0
11	1022	133	0	0	0	0
12	1022	133	0	0	0	0
13	1022	133	0	0	0	0
14	1023	133	0	0	0	0
15	1022	133	0	0	0	0
0	1022	133	0	0	0	0
1	1022	133	0	0	0	0
2	1022	133	0	0	0	0
3	1022	133	0	0	0	0
4	1022	133	0	0	0	0
5	1022	133	0	0	0	0
6	1022	133	0	0	0	0
7	1022	133	0	0	0	0
8	1022	133	0	0	0	0
9	1022	133	0	0	0	0
10	1023	133	0	0	0	0
11	1022	133	0	0	0	0
12	1023	133	0	0	0	0
13	1022	133	0	0	0	0
14	1023	133	0	0	0	0
15	1022	133	0	0	0	0
0	1022	133	0	0	0	0
1	1022	133	0	0	0	0
2	1022	133	0	0	0	0
3	1022	133	0	0	0	0
4	1023	133	0	0	0	0
5	1022	133	0	0	0	0
6	1023	133	0	0	0	0
7	1022	133	0	0	0	0
8	1023	133	0	0	0	0
9	1022	133	0	0	0	0
10	1022	133	0	0	0	0
11	1022	133	0	0	0	0
12	1022	135	0	0	0	0
13	1022	135	0	0	0	0
14	1022	136	0	0	0	0
15	1022	137	0	0	0	0
0	1022	139	0	0	0	0
1	1022	139	0	0	0	0
2	1022	139	0	0	0	0
3	961	139	0	0	0	0
4	958	139	0	0	0	0
5	944	139	0	0	0	0
6	916	139	0	0	0	0
7	909	139	0	0	0	0
8	878	139	0	0	0	0
9	860	140	0	0	0	0
10	852	139	0	0	0	0
11	835	139	0	0	0	0
12	828	139	0	0	0	0
13	825	139	0	0	0	0
14	814	139	0	0	0	0
15	821	139	0	0	0	0
0	816	139	0	0	0	0
1	824	140	0	0	0	0
2	828	140	0	0	0	0
3	825	140	0	0	0	0
4	837	140	0	0	0	0
5	831	140	0	0	0	0
6	842	140	0	0	0	0
7	842	140	0	0	0	0
8	836	140	0	0	0	0
9	833	140	0	0	0	0
10	825	140	0	0	0	0
11	813	140	0	0	0	0
12	814	140	0	0	0	0
13	792	140	0	0	0	0
14	790	140	0	0	0	0
15	773	140	0	0	0	0
0	772	140	0	0	0	0
1	756	140	0	0	0	0
2	745	140	0	0	0	0
3	734	140	0	0	0	0
4	716	140	0	0	0	0
5	712	140	0	0	0	0
6	704	140	0	0	0	0
7	690	140	0	0	0	0
8	687	140	0	0	0	0
9	678	140	0	0	0	0
10	665	140	0	0	0	0
11	668	140	0	0	0	0
12	651	140	0	0	0	0
13	653	140	0	0	0	0
14	634	140	0	0	0	0
15	636	140	0	0	0	0
0	626	140	0	0	0	0
1	617	140	0	0	0	0
2	607	140	0	0	0	0
3	597	140	0	0	0	0
4	591	140	0	0	0	0
5	587	140	0	0	0	0
6	581	140	0	0	0	0
7	567	140	0	0	0	0
8	560	140	0	0	0	0
9	547	140	0	0	0	0
10	541	140	0	0	0	0
11	528	140	0	0	0	0
12	520	140	0	0	0	0
13	501	140	0	0	0	0
14	491	140	0	0	0	0
15	487	140	0	0	0	0
0	473	140	0	0	0	0
1	457	140	0	0	0	0
2	451	140	0	0	0	0
3	435	140	0	0	0	0
4	427	140	0	0	0	0
5	417	140	0	0	0	0
6	411	140	0	0	0	0
7	394	140	0	0	0	0
8	386	140	0	0	0	0
9	376	140	0	0	0	0
10	369	140	0	0	0	0
11	352	140	0	0	0	0
12	347	140	0	0	0	0
13	327	140	0	0	0	0
14	332	140	0	0	0	0
15	312	140	0	0	0	0
0	311	140	0	0	0	0
1	298	140	0	0	0	0
2	291	140	0	0	0	0
3	277	140	0	0	0	0
4	270	140	0	0	0	0
5	264	140	0	0	0	0
6	257	140	0	0	0	0
7	245	140	0	0	0	0
8	233	140	0	0	0	0
9	228	140	0	0	0	0
10	219	140	0	0	0	0
11	210	140	0	0	0	0
12	201	140	0	0	0	0
13	194	140	0	0	0	0
14	185	140	0	0	0	0
15	180	140	0	0	0	0
0	168	140	0	0	0	0
1	167	140	0	0	0	0
2	153	140	0	0	0	0
3	149	140	0	0	0	0
4	140	140	0	0	0	0
5	138	140	0	0	0	0
6	124	140	0	0	0	0
7	125	140	0	0	0	0
8	112	140	0	0	0	0
9	105	140	0	0	0	0
10	100	140	0	0	0	0
11	91	140	0	0	0	0
12	86	140	0	0	0	0
13	76	140	0	0	0	0
14	76	140	0	0	0	0
15	65	140	0	0	0	0
0	62	140	0	0	0	0
1	53	140	0	0	0	0
2	57	140	0	0	0	0
3	47	140	0	0	0	0
4	41	140	0	0	0	0
5	29	140	0	0	0	0
6	34	140	0	0	0	0
7	22	140	0	0	0	0
8	25	140	0	0	0	0
9	21	139	0	0	0	0
10	2	139	0	0	0	0
11	9	139	0	0	0	0
12	3	139	0	0	0	0
13	1	139	0	0	0	0
14	0	139	0	0	0	0
15	0	140	0	0	0	0
0	0	139	0	0	0	0
1	0	139	0	0	0	0
2	0	139	0	0	0	0
3	0	139	0	0	0	0
4	0	139	0	0	0	0
5	0	140	0	0	0	0
6	0	140	0	0	0	0
7	0	139	0	0	0	0
8	0	139	0	0	0	0
9	0	139	0	0	0	0
10	0	139	0	0	0	0
11	0	139	0	0	0	0
12	0	139	0	0	0	0
13	0	139	0	0	0	0
14	0	139	0	0	0	0
15	0	139	0	0	0	0
0	0	139	0	0	0	0
1	0	139	0	0	0	0
2	0	139	0	0	0	0
3	0	139	0	0	0	0
4	0	139	0	0	0	0
5	0	139	0	0	0	0
6	0	139	0	0	0	0
7	0	140	0	0	0	0
8	0	139	0	0	0	0
9	0	140	0	0	0	0
10	0	140	0	0	0	0
11	0	140	0	0	0	0
12	0	140	0	0	0	0
13	0	140	0	0	0	0
14	0	140	0	0	0	0
15	0	140	0	0	0	0
0	0	140	0	0	0	0
1	0	140	0	0	0	0
2	0	140	0	0	0	0
3	0	139	0	0	0	0
4	0	140	0	0	0	0
5	0	140	0	0	0	0
6	0	140	0	0	0	0
7	0	140	0	0	0	0
8	0	139	0	0	0	0
9	0	139	0	0	0	0
10	0	139	0	0	0	0
11	0	139	0	0	0	0
12	0	139	0	0	0	0
13	0	139	0	0	0	0
14	0	139	0	0	0	0
15	0	139	0	0	0	0
0	0	139	0	0	0	0
1	0	139	0	0	0	0
2	0	139	0	0	0	0
3	0	139	0	0	0	0
4	0	139	0	0	0	0
5	0	139	0	0	0	0
6	0	139	0	0	0	0
7	0	139	0	0	0	0
8	0	139	0	0	0	0
9	0	139	0	0	0	0
10	0	139	0	0	0	0
11	0	139	0	0	0	0
12	0	139	0	0	0	0
13	0	139	0	0	0	0
14	0	139	0	0	0	0
15	0	139	0	0	0	0
0	0	139	0	0	0	0
1	0	139	0	0	0	0
2	0	140	0	0	0	0
3	0	139	0	0	0	0
4	0	139	0	0	0	0
5	0	140	0	0	0	0
6	0	139	0	0	0	0
7	0	140	0	0	0	0
8	0	140	0	0	0	0
9	0	140	0	0	0	0
10	0	140	0	0	0	0
11	0	140	0	0	0	0
12	0	140	0	0	0	0
13	0	140	0	0	0	0
14	0	140	0	0	0	0
15	0	139	0	0	0	0
0	0	140	0	0	0	0
1	0	140	0	0	0	0
2	0	140	0	0	0	0
3	0	140	0	0	0	0
4	0	140	0	0	0	0
5	0	140	0	0	0	0
6	0	140	0	0	0	0
7	0	140	0	0	0	0
8	0	140	0	0	0	0
9	0	140	0	0	0	0
10	0	140	0	0	0	0
11	0	140	0	0	0	0
12	0	140	0	0	0	0
13	0	140	0	0	0	0
14	0	140	0	0	0	0
15	0	140	0	0	0	0
0	0	140	0	0	0	0
1	0	140	0	0	0	0
2	0	140	0	0	0	0
3	0	140	0	0	0	0
4	0	140	0	0	0	0
5	0	140	0	0	0	0
6	0	140	0	0	0	0
7	0	140	0	0	0	0
8	0	140	0	0	0	0
9	0	140	0	0	0	0
10	0	140	0	0	0	0
11	0	140	0	0	0	0
12	0	140	0	0	0	0
13	0	140	0	0	0	0
14	0	140	0	0	0	0
15	0	140	0	0	0	0
0	0	140	0	0	0	0
1	0	140	0	0	0	0
2	0	140	0	0	0	0
3	0	140	0	0	0	0
4	0	140	0	0	0	0
5	0	140	0	0	0	0
6	0	140	0	0	0	0
7	0	140	0	0	0	0
8	0	139	0	0	0	0
9	0	140	0	0	0	0
10	0	139	0	0	0	0
11	0	139	0	0	0	0
12	0	139	0	0	0	0
13	0	139	0	0	0	0
14	0	139	0	0	0	0
15	0	138	0	0	0	0
0	0	138	0	0	0	0
1	0	137	0	0	0	0
2	0	137	0	0	0	0
3	0	136	0	0	0	0
4	0	135	0	0	0	0
5	0	135	0	0	0	0
6	0	135	0	0	0	0
7	0	135	0	0	0	0
8	0	135	0	0	0	0
9	0	135	0	0	0	0
10	0	134	0	0	0	0
11	0	135	0	0	0	0
12	0	135	0	0	0	0
13	0	135	0	0	0	0
14	0	135	0	0	0	0
15	0	135	0	0	0	0
0	0	135	0	0	0	0
1	0	135	0	0	0	0
2	0	135	0	0	0	0
3	0	136	0	0	0	0
4	0	137	0	0	0	0
5	0	137	0	0	0	0
6	0	137	0	0	0	0
7	0	137	0	0	0	0
8	0	137	0	0	0	0
9	0	137	0	0	0	0
10	0	137	0	0	0	0
11	0	137	0	0	0	0
12	0	136	0	0	0	0
13	0	135	0	0	0	0
14	0	136	0	0	0	0
15	0	136	0	0	0	0
0	0	136	0	0	0	0
1	0	135	0	0	0	0
2	0	135	0	0	0	0
3	0	135	0	0	0	0
4	0	135	0	0	0	0
5	0	135	0	0	0	0
6	0	135	0	0	0	0
7	0	135	0	0	0	0
8	0	135	0	0	0	0
9	0	135	0	0	0	0
10	0	135	0	0	0	0
11	0	135	0	0	0	0
12	0	135	0	0	0	0
13	0	135	0	0	0	0
14	0	135	0	0	0	0
15	0	135	0	0	0	0
0	0	135	0	0	0	0
1	0	135	0	0	0	0
2	0	135	0	0	0	0
3	0	135	0	0	0	0
4	0	135	0	0	0	0
5	0	135	0	0	0	0
6	0	135	0	0	0	0
7	0	135	0	0	0	0
8	0	135	0	0	0	0
9	0	135	0	0	0	0
10	0	135	0	0	0	0
11	0	135	0	0	0	0
12	0	135	0	0	0	0
13	0	135	0	0	0	0
14	0	135	0	0	0	0
15	0	135	0	0	0	0
0	0	135	0	0	0	0
1	0	135	0	0	0	0
2	0	135	0	0	0	0
3	0	135	0	0	0	0
4	0	135	0	0	0	0
5	0	134	0	0	0	0
6	0	135	0	0	0	0
7	0	134	0	0	0	0
8	0	134	0	0	0	0
9	0	134	0	0	0	0
10	0	134	0	0	0	0
11	0	134	0	0	0	0
12	0	135	0	0	0	0
13	0	135	0	0	0	0
14	0	134	0	0	0	0
15	0	135	0	0	0	0
0	0	134	0	0	0	0
1	0	134	0	0	0	0
2	0	134	0	0	0	0
3	0	135	0	0	0	0
4	0	134	0	0	0	0
5	0	135	0	0	0	0
6	0	134	0	0	0	0
7	0	135	0	0	0	0
8	0	135	0	0	0	0
9	0	135	0	0	0	0
10	0	135	0	0	0	0
11	0	135	0	0	0	0
12	0	135	0	0	0	0
13	0	135	0	0	0	0
14	0	135	0	0	0	0
15	0	135	0	0	0	0
0	0	135	0	0	0	0
1	0	135	0	0	0	0
2	0	135	0	0	0	0
3	0	135	0	0	0	0
4	0	135	0	0	0	0
5	0	135	0	0	0	0
6	0	136	0	0	0	0
7	0	136	0	0	0	0
8	0	136	0	0	0	0
9	0	136	0	0	0	0
10	0	136	0	0	0	0
11	0	136	0	0	0	0
12	0	136	0	0	0	0
13	0	136	0	0	0	0
14	0	135	0	0	0	0
15	0	135	0	0	0	0
0	0	135	0	0	0	0
1	0	136	0	0	0	0
2	0	135	0	0	0	0
3	0	135	0	0	0	0
4	0	136	0	0	0	0
5	0	136	0	0	0	0
6	0	136	0	0	0	0
7	0	136	0	0	0	0
8	0	136	0	0	0	0
9	0	136	0	0	0	0
10	0	136	0	0	0	0
11	0	135	0	0	0	0
12	0	136	0	0	0	0
13	0	136	0	0	0	0
14	0	136	0	0	0	0
15	0	136	0	0	0	0
0	0	136	0	0	0	0
1	0	136	0	0	0	0
2	0	136	0	0	0	0
3	0	136	0	0	0	0
4	0	136	0	0	0	0
5	0	136	0	0	0	0
6	0	136	0	0	0	0
7	0	136	0	0	0	0
8	0	136	0	0	0	0
9	0	136	0	0	0	0
10	0	136	0	0	0	0
11	0	136	0	0	0	0
12	0	137	0	0	0	0
13	0	136	0	0	0	0
14	0	136	0	0	0	0
15	0	135	0	0	0	0
0	0	136	0	0	0	0
1	0	136	0	0	0	0
2	0	137	0	0	0	0
3	0	136	0	0	0	0
4	0	136	0	0	0	0
5	0	136	0	0	0	0
6	0	135	0	0	0	0
7	0	135	0	0	0	0
8	0	136	0	0	0	0
9	0	136	0	0	0	0
10	0	136	0	0	0	0
11	0	137	0	0	0	0
12	0	136	0	0	0	0
13	0	137	0	0	0	0
14	0	136	0	0	0	0
15	0	137	0	0	0	0
0	0	137	0	0	0	0
1	0	137	0	0	0	0
2	0	137	0	0	0	0
3	0	136	0	0	0	0
4	0	137	0	0	0	0
5	0	136	0	0	0	0
6	0	137	0	0	0	0
7	0	136	0	0	0	0
8	0	137	0	0	0	0
9	0	136	0	0	0	0
10	0	136	0	0	0	0
11	0	136	0	0	0	0
12	0	136	0	0	0	0
13	0	136	0	0	0	0
14	0	137	0	0	0	0
15	0	136	0	0	0	0
0	0	136	0	0	0	0
1	0	137	0	0	0	0
2	0	136	0	0	0	0
3	0	136	0	0	0	0
4	0	135	0	0	0	0
5	0	136	0	0	0	0
6	0	136	0	0	0	0
7	0	136	0	0	0	0
8	0	137	0	0	0	0
9	0	137	0	0	0	0
10	0	137	0	0	0	0
11	0	137	0	0	0	0
12	0	138	0	0	0	0
13	0	137	0	0	0	0
14	0	138	0	0	0	0
15	0	137	0	0	0	0
0	0	138	0	0	0	0
1	0	137	0	0	0	0
2	0	138	0	0	0	0
3	2	137	0	0	0	0
4	3	137	0	0	0	0
5	9	137	0	0	0	0
6	12	137	0	0	0	0
7	21	137	0	0	0	0
8	20	137	0	0	0	0
9	35	137	0	0	0	0
10	32	137	0	0	0	0
11	52	138	0	0	0	0
12	49	138	0	0	0	0
13	70	138	0	0	0	0
14	63	137	0	0	0	0
15	83	137	0	0	0	0
0	83	137	0	0	0	0
1	98	137	0	0	0	0
2	100	137	0	0	0	0
3	115	137	0	0	0	0
4	124	137	0	0	0	0
5	131	137	0	0	0	0
6	149	137	0	0	0	0
7	160	137	0	0	0	0
8	204	137	0	0	0	0
9	232	137	0	0	0	0
10	294	136	0	0	0	0
11	322	136	0	0	0	0
12	334	137	0	0	0	0
13	315	137	0	0	0	0
14	340	139	0	0	0	0
15	319	139	0	0	0	0
0	310	138	0	0	0	0
1	512	138	0	0	0	0
2	868	138	0	0	0	0
3	863	139	0	0	0	0
4	1020	138	0	0	0	0
5	1022	139	0	0	0	0
6	1022	139	0	0	0	0
7	1009	138	0	0	0	0
8	1003	139	0	0	0	0
9	988	139	0	0	0	0
10	979	139	0	0	0	0
11	1022	139	0	0	0	0
12	1022	139	0	0	0	0
13	967	138	0	0	0	0
14	908	139	0	0	0	0
15	853	138	0	0	0	0
0	829	139	0	0	0	0
1	824	139	0	0	0	0
2	816	139	0	0	0	0
3	815	139	0	0	0	0
4	821	139	0	0	0	0
5	830	139	0	0	0	0
6	835	139	0	0	0	0
7	848	139	0	0	0	0
8	853	139	0	0	0	0
9	864	139	0	0	0	0
10	871	139	0	0	0	0
11	876	139	0	0	0	0
12	882	139	0	0	0	0
13	883	139	0	0	0	0
14	890	139	0	0	0	0
15	888	139	0	0	0	0
0	892	139	0	0	0	0
1	898	139	0	0	0	0
2	904	139	0	0	0	0
3	908	139	0	0	0	0
4	913	139	0	0	0	0
5	916	139	0	0	0	0
6	925	139	0	0	0	0
7	924	139	0	0	0	0
8	926	139	0	0	0	0
9	933	139	0	0	0	0
10	947	139	0	0	0	0
11	945	139	0	0	0	0
12	947	139	0	0	0	0
13	950	139	0	0	0	0
14	947	139	0	0	0	0
15	959	139	0	0	0	0
0	960	139	0	0	0	0
1	973	139	0	0	0	0
2	970	139	0	0	0	0
3	974	139	0	0	0	0
4	977	139	0	0	0	0
5	982	139	0	0	0	0
6	986	139	0	0	0	0
7	991	139	0	0	0	0
8	999	139	0	0	0	0
9	1019	139	0	0	0	0
10	1020	139	0	0	0	0
11	1020	139	0	0	0	0
12	1021	139	0	0	0	0
13	1021	139	0	0	0	0
14	1022	139	0	0	0	0
15	1022	139	0	0	0	0
0	1022	139	0	0	0	0
1	1022	139	0	0	0	0
2	1022	139	0	0	0	0
3	1022	139	0	0	0	0
4	1022	139	0	0	0	0
5	1022	139	0	0	0	0
6	1022	139	0	0	0	0
7	1022	139	0	0	0	0
8	1022	139	0	0	0	0
9	1022	139	0	0	0	0
10	1022	139	0	0	0	0
11	1022	139	0	0	0	0
12	1022	139	0	0	0	0
13	1022	139	0	0	0	0
14	1022	139	0	0	0	0
15	1022	139	0	0	0	0
0	1022	139	0	0	0	0
1	1022	139	0	0	0	0
2	1022	139	0	0	0	0
3	1022	139	0	0	0	0
4	1022	140	0	0	0	0
5	1022	139	0	0	0	0
6	1022	139	0	0	0	0
7	1014	139	0	0	0	0
8	997	139	0	0	0	0
9	1022	139	0	0	0	0
10	955	139	0	0	0	0
11	840	139	0	0	0	0
12	842	139	0	0	0	0
13	836	139	0	0	0	0
14	927	139	0	0	0	0
15	1022	139	0	0	0	0
0	1022	139	0	0	0	0
1	1022	139	0	0	0	0
2	967	139	0	0	0	0
3	1022	139	0	0	0	0
4	1022	139	0	0	0	0
5	1022	139	0	0	0	0
6	1023	139	0	0	0	0
7	1022	139	0	0	0	0
8	1022	140	0	0	0	0
9	1022	139	0	0	0	0
10	1022	139	0	0	0	0
11	1022	139	0	0	0	0
12	1022	139	0	0	0	0
13	1022	139	0	0	0	0
14	1022	139	0	0	0	0
15	1022	139	0	0	0	0
0	1022	139	0	0	0	0
1	1022	139	0	0	0	0
2	1022	139	0	0	0	0
3	1022	139	0	0	0	0
4	1022	139	0	0	0	0
5	1022	139	0	0	0	0
6	1022	139	0	0	0	0
7	1022	139	0	0	0	0
8	1022	139	0	0	0	0
9	1022	139	0	0	0	0
10	1022	139	0	0	0	0
11	1022	139	0	0	0	0
12	1022	139	0	0	0	0
13	1022	139	0	0	0	0
14	1022	139	0	0	0	0
15	1022	139	0	0	0	0
0	1022	139	0	0	0	0
1	1022	139	0	0	0	0
2	1022	139	0	0	0	0
3	1022	139	0	0	0	0
4	1022	139	0	0	0	0
5	1022	139	0	0	0	0
6	1022	139	0	0	0	0
7	1022	139	0	0	0	0
8	1022	139	0	0	0	0
9	1022	139	0	0	0	0
10	1022	139	0	0	0	0
11	1022	139	0	0	0	0
12	1022	139	0	0	0	0
13	1022	139	0	0	0	0
14	1023	139	0	0	0	0
15	1022	139	0	0	0	0
0	1022	139	0	0	0	0
1	1023	139	0	0	0	0
2	1022	139	0	0	0	0
3	1022	139	0	0	0	0
4	1023	139	0	0	0	0
5	1022	139	0	0	0	0
6	1023	139	0	0	0	0
7	1022	139	0	0	0	0
8	1022	139	0	0	0	0
9	1022	139	0	0	0	0
10	1023	139	0	0	0	0
11	1022	139	0	0	0	0
12	1023	139	0	0	0	0
13	1022	140	0	0	0	0
14	1023	140	0	0	0	0
15	1022	141	0	0	0	0
0	1023	141	0	0	0	0
1	1022	139	0	0	0	0
2	1022	137	0	0	0	0
3	1022	136	0	0	0	0
4	1022	138	0	0	0	0
5	1022	138	0	0	0	0
6	1023	137	0	0	0	0
7	1022	138	0	0	0	0
8	1022	139	0	0	0	0
9	1022	140	0	0	0	0
10	1023	140	0	0	0	0
11	1022	140	0	0	0	0
12	1023	139	0	0	0	0
13	1022	139	0	0	0	0
14	1023	139	0	0	0	0
15	1022	139	0	0	0	0
0	1022	140	0	0	0	0
1	1022	139	0	0	0	0
2	1023	140	0	0	0	0
3	1022	139	0	0	0	0
4	1023	140	0	0	0	0
5	1022	140	0	0	0	0
6	1022	141	0	0	0	0
7	1022	141	0	0	0	0
8	1022	141	0	0	0	0
9	1022	141	0	0	0	0
10	1022	141	0	0	0	0
11	1022	141	0	0	0	0
12	1022	141	0	0	0	0
13	1022	141	0	0	0	0
14	1022	141	0	0	0	0
15	1022	141	0	0	0	0
0	1022	141	0	0	0	0
1	1022	141	0	0	0	0
2	1022	141	0	0	0	0
3	1022	141	0	0	0	0
4	1022	141	0	0	0	0
5	1022	141	0	0	0	0
6	1022	141	0	0	0	0
7	1022	141	0	0	0	0
8	1022	141	0	0	0	0
9	1022	140	0	0	0	0
10	1022	139	0	0	0	0
11	1022	138	0	0	0	0
12	1022	139	0	0	0	0
13	1022	139	0	0	0	0
14	1022	138	0	0	0	0
15	575	137	0	0	0	0
0	574	137	0	0	0	0
1	549	137	0	0	0	0
2	319	136	0	0	0	0
3	518	137	0	0	0	0
4	0	136	0	0	0	0
5	0	136	0	0	0	0
6	0	136	0	0	0	0
7	281	137	0	0	0	0
8	340	137	0	0	0	0
9	359	137	0	0	0	0
10	363	136	0	0	0	0
11	366	136	0	0	0	0
12	352	136	0	0	0	0
13	349	136	0	0	0	0
14	347	136	0	0	0	0
15	364	135	0	0	0	0
0	357	135	0	0	0	0
1	346	135	0	0	0	0
2	338	136	0	0	0	0
3	328	135	0	0	0	0
4	342	136	0	0	0	0
5	330	135	0	0	0	0
6	316	136	0	0	0	0
7	318	136	0	0	0	0
8	306	136	0	0	0	0
9	297	136	0	0	0	0
10	296	136	0	0	0	0
11	285	135	0	0	0	0
12	239	134	0	0	0	0
13	197	134	0	0	0	0
14	185	133	0	0	0	0
15	183	132	0	0	0	0
0	185	129	0	0	0	0
1	183	129	0	0	0	0
2	176	131	0	0	0	0
3	163	131	0	0	0	0
4	153	131	0	0	0	0
5	144	131	0	0	0	0
6	133	134	0	0	0	0
7	113	137	0	0	0	0
8	95	140	0	0	0	0
9	68	140	0	0	0	0
10	51	141	0	0	0	0
11	38	141	0	0	0	0
12	25	141	0	0	0	0
13	12	141	0	0	0	0
14	0	141	0	0	0	0
15	0	141	0	0	0	0
0	0	141	0	0	0	0
1	0	141	0	0	0	0
2	0	141	0	0	0	0
3	0	141	0	0	0	0
4	0	141	0	0	0	0
5	0	141	0	0	0	0
6	0	141	0	0	0	0
7	0	141	0	0	0	0
8	0	141	0	0	0	0
9	0	141	0	0	0	0
10	0	141	0	0	0	0
11	0	141	0	0	0	0
12	0	141	0	0	0	0
13	0	141	0	0	0	0
14	0	141	0	0	0	0
15	0	141	0	0	0	0
0	0	141	0	0	0	0
1	0	141	0	0	0	0
2	0	141	0	0	0	0
3	0	141	0	0	0	0
4	0	141	0	0	0	0
5	0	141	0	0	0	0
6	0	141	0	0	0	0
7	0	138	0	0	0	0
8	0	136	0	0	0	0
9	0	136	0	0	0	0
10	0	137	0	0	0	0
11	0	139	0	0	0	0
12	0	139	0	0	0	0
13	0	139	0	0	0	0
14	0	139	0	0	0	0
15	0	139	0	0	0	0
0	0	139	0	0	0	0
1	0	139	0	0	0	0
2	0	139	0	0	0	0
3	0	139	0	0	0	0
4	0	139	0	0	0	0
5	0	139	0	0	0	0
6	0	139	0	0	0	0
7	0	139	0	0	0	0
8	0	139	0	0	0	0
9	0	139	0	0	0	0
10	0	139	0	0	0	0
11	0	139	0	0	0	0
12	0	139	0	0	0	0
13	0	139	0	0	0	0
14	0	139	0	0	0	0
15	0	139	0	0	0	0
0	0	139	0	0	0	0
1	0	139	0	0	0	0
2	0	139	0	0	0	0
3	0	139	0	0	0	0
4	0	139	0	0	0	0
5	0	139	0	0	0	0
6	0	139	0	0	0	0
7	0	139	0	0	0	0
8	0	139	0	0	0	0
9	0	139	0	0	0	0
10	0	139	0	0	0	0
11	0	139	0	0	0	0
12	0	139	0	0	0	0
13	0	139	0	0	0	0
14	0	139	0	0	0	0
15	0	139	0	0	0	0
0	0	140	0	0	0	0
1	0	139	0	0	0	0
2	0	140	0	0	0	0
3	0	139	0	0	0	0
4	0	139	0	0	0	0
5	0	139	0	0	0	0
6	0	139	0	0	0	0
7	0	139	0	0	0	0
8	0	139	0	0	0	0
9	0	139	0	0	0	0
10	0	139	0	0	0	0
11	0	140	0	0	0	0
12	0	139	0	0	0	0
13	0	140	0	0	0	0
14	0	139	0	0	0	0
15	0	140	0	0	0	0
0	0	139	0	0	0	0
1	0	140	0	0	0	0
2	0	139	0	0	0	0
3	0	139	0	0	0	0
4	0	140	0	0	0	0
5	0	139	0	0	0	0
6	0	139	0	0	0	0
7	0	139	0	0	0	0
8	0	139	0	0	0	0
9	0	138	0	0	0	0
10	0	139	0	0	0	0
11	0	139	0	0	0	0
12	0	139	0	0	0	0
13	0	138	0	0	0	0
14	0	139	0	0	0	0
15	0	139	0	0	0	0
0	0	139	0	0	0	0
1	0	139	0	0	0	0
2	0	138	0	0	0	0
3	0	138	0	0	0	0
4	0	138	0	0	0	0
5	0	139	0	0	0	0
6	0	138	0	0	0	0
7	0	139	0	0	0	0
8	0	138	0	0	0	0
9	0	139	0	0	0	0
10	0	139	0	0	0	0
11	0	139	0	0	0	0
12	0	139	0	0	0	0
13	0	139	0	0	0	0
14	0	139	0	0	0	0
15	0	138	0	0	0	0
0	0	138	0	0	0	0
1	0	138	0	0	0	0
2	0	138	0	0	0	0
3	0	138	0	0	0	0
4	0	138	0	0	0	0
5	0	138	0	0	0	0
6	0	138	0	0	0	0
7	232	139	0	0	0	0
8	385	139	0	0	0	0
9	596	139	0	0	0	0
10	676	140	0	0	0	0
11	623	139	0	0	0	0
12	699	139	0	0	0	0
13	602	140	0	0	0	0
14	665	141	0	0	0	0
15	616	142	0	0	0	0
0	650	142	0	0	0	0
1	597	141	0	0	0	0
2	631	142	0	0	0	0
3	629	142	0	0	0	0
4	638	141	0	0	0	0
5	638	141	0	0	0	0
6	641	142	0	0	0	0
7	647	141	0	0	0	0
8	660	142	0	0	0	0
9	663	141	0	0	0	0
10	665	142	0	0	0	0
11	670	142	0	0	0	0
12	675	142	0	0	0	0
13	674	142	0	0	0	0
14	682	142	0	0	0	0
15	689	142	0	0	0	0
0	691	142	0	0	0	0
1	703	142	0	0	0	0
2	703	142	0	0	0	0
3	718	142	0	0	0	0
4	723	142	0	0	0	0
5	735	142	0	0	0	0
6	738	142	0	0	0	0
7	746	142	0	0	0	0
8	752	142	0	0	0	0
9	765	142	0	0	0	0
10	777	142	0	0	0	0
11	787	141	0	0	0	0
12	796	142	0	0	0	0
13	799	142	0	0	0	0
14	812	142	0	0	0	0
15	819	142	0	0	0	0
0	827	142	0	0	0	0
1	838	141	0	0	0	0
2	846	142	0	0	0	0
3	851	142	0	0	0	0
4	859	142	0	0	0	0
5	860	142	0	0	0	0
6	877	142	0	0	0	0
7	890	142	0	0	0	0
8	901	142	0	0	0	0
9	912	142	0	0	0	0
10	916	142	0	0	0	0
11	920	142	0	0	0	0
12	928	142	0	0	0	0
13	935	142	0	0	0	0
14	943	142	0	0	0	0
15	953	142	0	0	0	0
0	957	142	0	0	0	0
1	967	142	0	0	0	0
2	973	142	0	0	0	0
3	981	142	0	0	0	0
4	986	142	0	0	0	0
5	1005	142	0	0	0	0
6	1019	142	0	0	0	0
7	1020	142	0	0	0	0
8	1021	142	0	0	0	0
9	1021	142	0	0	0	0
10	1022	142	0	0	0	0
11	1022	142	0	0	0	0
12	1022	142	0	0	0	0
13	1022	142	0	0	0	0
14	1022	142	0	0	0	0
15	1022	142	0	0	0	0
0	1022	142	0	0	0	0
1	1022	142	0	0	0	0
2	1022	142	0	0	0	0
3	1022	142	0	0	0	0
4	1022	142	0	0	0	0
5	1022	142	0	0	0	0
6	1022	142	0	0	0	0
7	1022	142	0	0	0	0
8	1022	142	0	0	0	0
9	1022	142	0	0	0	0
10	1022	142	0	0	0	0
11	1022	142	0	0	0	0
12	1022	142	0	0	0	0
13	1022	142	0	0	0	0
14	1022	142	0	0	0	0
15	1022	142	0	0	0	0
0	1022	142	0	0	0	0
1	1022	142	0	0	0	0
2	1022	142	0	0	0	0
3	1022	142	0	0	0	0
4	1022	142	0	0	0	0
5	1022	142	0	0	0	0
6	1023	142	0	0	0	0
7	1022	142	0	0	0	0
8	1022	142	0	0	0	0
9	1022	142	0	0	0	0
10	1022	142	0	0	0	0
11	1022	142	0	0	0	0
12	1022	142	0	0	0	0
13	1022	142	0	0	0	0
14	1022	142	0	0	0	0
15	1022	142	0	0	0	0
0	1022	142	0	0	0	0
1	1022	142	0	0	0	0
2	1022	142	0	0	0	0
3	1022	142	0	0	0	0
4	1023	142	0	0	0	0
5	1022	142	0	0	0	0
6	1023	142	0	0	0	0
7	1022	142	0	0	0	0
8	1022	142	0	0	0	0
9	1022	142	0	0	0	0
10	1022	142	0	0	0	0
11	1022	142	0	0	0	0
12	1022	142	0	0	0	0
13	1022	142	0	0	0	0
14	1023	142	0	0	0	0
15	1022	142	0	0	0	0
0	1023	142	0	0	0	0
1	1022	142	0	0	0	0
2	1023	142	0	0	0	0
3	1022	142	0	0	0	0
4	1022	142	0	0	0	0
5	1022	142	0	0	0	0
6	1023	142	0	0	0	0
7	1022	142	0	0	0	0
8	1023	142	0	0	0	0
9	1022	142	0	0	0	0
10	1022	142	0	0	0	0
11	1022	142	0	0	0	0
12	1022	142	0	0	0	0
13	1022	142	0	0	0	0
14	1023	142	0	0	0	0
15	1022	142	0	0	0	0
0	1022	142	0	0	0	0
1	1022	142	0	0	0	0
2	1023	142	0	0	0	0
3	1022	142	0	0	0	0
4	1023	142	0	0	0	0
5	1022	142	0	0	0	0
6	1023	142	0	0	0	0
7	1022	142	0	0	0	0
8	1023	142	0	0	0	0
9	1022	142	0	0	0	0
10	1023	142	0	0	0	0
11	1022	142	0	0	0	0
12	1022	142	0	0	0	0
13	1022	142	0	0	0	0
14	1023	142	0	0	0	0
15	1022	142	0	0	0	0
0	1023	142	0	0	0	0
1	1022	142	0	0	0	0
2	1023	142	0	0	0	0
3	1022	142	0	0	0	0
4	1022	142	0	0	0	0
5	1022	141	0	0	0	0
6	1023	142	0	0	0	0
7	1023	141	0	0	0	0
8	1022	142	0	0	0	0
9	1022	141	0	0	0	0
10	1022	142	0	0	0	0
11	1022	141	0	0	0	0
12	1023	142	0	0	0	0
13	1022	142	0	0	0	0
14	1023	141	0	0	0	0
15	1022	141	0	0	0	0
0	1023	142	0	0	0	0
1	1022	142	0	0	0	0
2	1022	141	0	0	0	0
3	1022	142	0	0	0	0
4	1022	141	0	0	0	0
5	1022	142	0	0	0	0
6	1023	141	0	0	0	0
7	1022	142	0	0	0	0
8	1023	142	0	0	0	0
9	1022	142	0	0	0	0
10	1023	142	0	0	0	0
11	1022	141	0	0	0	0
12	1022	142	0	0	0	0
13	1022	141	0	0	0	0
14	1023	142	0	0	0	0
15	1023	141	0	0	0	0
0	1023	141	0	0	0	0
1	1022	141	0	0	0	0
2	1023	141	0	0	0	0
3	1022	141	0	0	0	0
4	1023	141	0	0	0	0
5	1023	141	0	0	0	0
6	1023	141	0	0	0	0
7	1023	141	0	0	0	0
8	1023	141	0	0	0	0
9	1022	141	0	0	0	0
10	1022	141	0	0	0	0
11	1022	141	0	0	0	0
12	1023	141	0	0	0	0
13	1022	141	0	0	0	0
14	1023	141	0	0	0	0
15	1022	141	0	0	0	0
0	1023	141	0	0	0	0
1	1023	141	0	0	0	0
2	1023	141	0	0	0	0
3	1023	141	0	0	0	0
4	1023	140	0	0	0	0
5	1022	142	0	0	0	0
6	1023	141	0	0	0	0
7	1022	140	0	0	0	0
8	1023	140	0	0	0	0
9	1022	140	0	0	0	0
10	1023	140	0	0	0	0
11	1022	140	0	0	0	0
12	1023	140	0	0	0	0
13	1023	140	0	0	0	0
14	1023	140	0	0	0	0
15	1023	140	0	0	0	0
0	1023	140	0	0	0	0
1	1023	140	0	0	0	0
2	1022	140	0	0	0	0
3	1022	140	0	0	0	0
4	1023	140	0	0	0	0
5	1023	140	0	0	0	0
6	1023	140	0	0	0	0
7	1022	140	0	0	0	0
8	1023	140	0	0	0	0
9	1023	140	0	0	0	0
10	1023	140	0	0	0	0
11	1022	140	0	0	0	0
12	1023	140	0	0	0	0
13	1023	140	0	0	0	0
14	1023	140	0	0	0	0
15	1023	140	0	0	0	0
0	1023	140	0	0	0	0
1	1022	140	0	0	0	0
2	1023	140	0	0	0	0
3	1023	140	0	0	0	0
4	1023	140	0	0	0	0
5	1023	140	0	0	0	0
6	1023	140	0	0	0	0
7	1023	140	0	0	0	0
8	1023	140	0	0	0	0
9	1022	140	0	0	0	0
10	1022	140	0	0	0	0
11	1022	140	0	0	0	0
12	1023	140	0	0	0	0
13	1022	140	0	0	0	0
14	1023	140	0	0	0	0
15	1022	140	0	0	0	0
0	1023	140	0	0	0	0
1	1022	140	0	0	0	0
2	1022	140	0	0	0	0
3	1022	140	0	0	0	0
4	1023	140	0	0	0	0
5	1022	139	0	0	0	0
6	1023	140	0	0	0	0
7	1022	139	0	0	0	0
8	1023	139	0	0	0	0
9	1022	139	0	0	0	0
10	1023	139	0	0	0	0
11	1022	139	0	0	0	0
12	1023	139	0	0	0	0
13	1022	139	0	0	0	0
14	1023	140	0	0	0	0
15	1022	140	0	0	0	0
0	1023	139	0	0	0	0
1	1023	140	0	0	0	0
2	1022	139	0	0	0	0
3	1022	139	0	0	0	0
4	1022	139	0	0	0	0
5	1022	140	0	0	0	0
6	1023	140	0	0	0	0
7	1022	140	0	0	0	0
8	1023	140	0	0	0	0
9	1022	139	0	0	0	0
10	1022	140	0	0	0	0
11	1022	140	0	0	0	0
12	1023	140	0	0	0	0
13	1022	140	0	0	0	0
14	1022	140	0	0	0	0
15	1022	139	0	0	0	0
0	1022	140	0	0	0	0
1	1022	140	0	0	0	0
2	1022	140	0	0	0	0
3	1022	140	0	0	0	0
4	1022	140	0	0	0	0
5	1022	140	0	0	0	0
6	1023	139	0	0	0	0
7	1022	140	0	0	0	0
8	1023	139	0	0	0	0
9	1022	140	0	0	0	0
10	1022	140	0	0	0	0
11	1022	140	0	0	0	0
12	1022	140	0	0	0	0
13	1022	140	0	0	0	0
14	1022	140	0	0	0	0
15	1022	140	0	0	0	0
0	1022	140	0	0	0	0
1	1022	139	0	0	0	0
2	1022	140	0	0	0	0
3	1022	140	0	0	0	0
4	1022	140	0	0	0	0
5	1022	140	0	0	0	0
6	1022	140	0	0	0	0
7	1022	140	0	0	0	0
8	1022	140	0	0	0	0
9	1022	140	0	0	0	0
10	1022	140	0	0	0	0
11	1022	140	0	0	0	0
12	1017	140	0	0	0	0
13	1004	140	0	0	0	0
14	985	140	0	0	0	0
15	966	139	0	0	0	0
0	942	139	0	0	0	0
1	922	140	0	0	0	0
2	899	139	0	0	0	0
3	878	139	0	0	0	0
4	849	139	0	0	0	0
5	828	140	0	0	0	0
6	809	139	0	0	0	0
7	784	139	0	0	0	0
8	767	139	0	0	0	0
9	742	139	0	0	0	0
10	719	139	0	0	0	0
11	706	139	0	0	0	0
12	684	139	0	0	0	0
13	664	139	0	0	0	0
14	647	139	0	0	0	0
15	624	139	0	0	0	0
0	606	139	0	0	0	0
1	592	139	0	0	0	0
2	577	139	0	0	0	0
3	557	139	0	0	0	0
4	541	139	0	0	0	0
5	528	139	0	0	0	0
6	511	139	0	0	0	0
7	490	139	0	0	0	0
8	475	139	0	0	0	0
9	459	139	0	0	0	0
10	444	139	0	0	0	0
11	428	139	0	0	0	0
12	407	139	0	0	0	0
13	390	139	0	0	0	0
14	378	139	0	0	0	0
15	359	139	0	0	0	0
0	347	139	0	0	0	0
1	335	139	0	0	0	0
2	307	139	0	0	0	0
3	289	139	0	0	0	0
4	271	139	0	0	0	0
5	252	139	0	0	0	0
6	232	139	0	0	0	0
7	210	139	0	0	0	0
8	188	139	0	0	0	0
9	175	139	0	0	0	0
10	151	139	0	0	0	0
11	128	138	0	0	0	0
12	114	139	0	0	0	0
13	89	138	0	0	0	0
14	71	138	0	0	0	0
15	58	138	0	0	0	0
0	1	138	0	0	0	0
1	0	139	0	0	0	0
2	0	138	0	0	0	0
3	0	138	0	0	0	0
4	0	138	0	0	0	0
5	0	138	0	0	0	0
6	0	138	0	0	0	0
7	0	139	0	0	0	0
8	0	139	0	0	0	0
9	0	139	0	0	0	0
10	0	139	0	0	0	0
11	0	139	0	0	0	0
12	0	139	0	0	0	0
13	0	138	0	0	0	0
14	0	139	0	0	0	0
15	0	139	0	0	0	0
0	0	139	0	0	0	0
1	0	139	0	0	0	0
2	0	139	0	0	0	0
3	0	139	0	0	0	0
4	0	139	0	0	0	0
5	0	139	0	0	0	0
6	0	139	0	0	0	0
7	0	139	0	0	0	0
8	0	139	0	0	0	0
9	0	139	0	0	0	0
10	0	139	0	0	0	0
11	0	139	0	0	0	0
12	0	139	0	0	0	0
13	0	139	0	0	0	0
14	0	139	0	0	0	0
15	0	139	0	0	0	0
0	0	139	0	0	0	0
1	0	139	0	0	0	0
2	0	139	0	0	0	0
3	0	139	0	0	0	0
4	0	139	0	0	0	0
5	0	139	0	0	0	0
6	0	139	0	0	0	0
7	0	139	0	0	0	0
8	0	139	0	0	0	0
9	0	139	0	0	0	0
10	0	139	0	0	0	0
11	0	139	0	0	0	0
12	0	139	0	0	0	0
13	0	139	0	0	0	0
14	0	139	0	0	0	0
15	0	139	0	0	0	0
0	0	139	0	0	0	0
1	0	139	0	0	0	0
2	0	139	0	0	0	0
3	0	139	0	0	0	0
4	0	139	0	0	0	0
5	0	139	0	0	0	0
6	0	139	0	0	0	0
7	0	139	0	0	0	0
8	0	139	0	0	0	0
9	0	139	0	0	0	0
10	0	139	0	0	0	0
11	0	138	0	0	0	0
12	0	139	0	0	0	0
13	0	139	0	0	0	0
14	0	139	0	0	0	0
15	0	138	0	0	0	0
0	0	139	0	0	0	0
1	0	139	0	0	0	0
2	0	139	0	0	0	0
3	0	139	0	0	0	0
4	0	139	0	0	0	0
5	0	139	0	0	0	0
6	0	139	0	0	0	0
7	0	139	0	0	0	0
8	0	139	0	0	0	0
9	0	139	0	0	0	0
10	0	139	0	0	0	0
11	0	139	0	0	0	0
12	0	139	0	0	0	0
13	0	139	0	0	0	0
14	0	139	0	0	0	0
15	0	139	0	0	0	0

